#Coverage	Number of genomic locations
1641.0	1.0
1649.0	1.0
1658.0	1.0
1669.0	1.0
1699.0	1.0
1709.0	1.0
1715.0	1.0
1744.0	1.0
1764.0	1.0
1767.0	2.0
1791.0	1.0
1801.0	1.0
1832.0	1.0
1839.0	1.0
1842.0	1.0
1850.0	1.0
1868.0	1.0
1884.0	1.0
1892.0	1.0
1895.0	1.0
1901.0	1.0
1910.0	1.0
1915.0	1.0
1917.0	1.0
1919.0	1.0
1920.0	1.0
1925.0	1.0
1928.0	1.0
1932.0	1.0
1933.0	1.0
1934.0	1.0
1935.0	1.0
1937.0	1.0
1938.0	1.0
1939.0	2.0
1940.0	1.0
1941.0	2.0
1942.0	1.0
1943.0	2.0
1947.0	1.0
1958.0	1.0
1959.0	2.0
1962.0	1.0
1967.0	1.0
1968.0	1.0
1971.0	1.0
1981.0	2.0
1983.0	1.0
1989.0	1.0
1991.0	1.0
1992.0	1.0
1993.0	1.0
1995.0	1.0
2011.0	1.0
2014.0	1.0
2016.0	2.0
2021.0	1.0
2026.0	1.0
2029.0	1.0
2041.0	1.0
2047.0	1.0
2049.0	1.0
2051.0	1.0
2052.0	1.0
2053.0	1.0
2054.0	2.0
2055.0	1.0
2056.0	1.0
2057.0	1.0
2058.0	1.0
2059.0	2.0
2066.0	1.0
2067.0	3.0
2068.0	1.0
2076.0	1.0
2079.0	1.0
2080.0	1.0
2084.0	1.0
2085.0	2.0
2087.0	1.0
2090.0	2.0
2094.0	1.0
2096.0	1.0
2097.0	1.0
2098.0	2.0
2099.0	1.0
2104.0	1.0
2105.0	1.0
2106.0	1.0
2110.0	2.0
2111.0	1.0
2112.0	1.0
2113.0	1.0
2117.0	1.0
2118.0	1.0
2122.0	1.0
2123.0	1.0
2128.0	1.0
2130.0	1.0
2131.0	1.0
2137.0	1.0
2140.0	2.0
2142.0	1.0
2143.0	2.0
2147.0	1.0
2152.0	2.0
2154.0	1.0
2156.0	1.0
2159.0	1.0
2169.0	1.0
2171.0	1.0
2172.0	1.0
2175.0	1.0
2177.0	1.0
2183.0	1.0
2186.0	1.0
2194.0	1.0
2197.0	1.0
2198.0	1.0
2200.0	1.0
2201.0	1.0
2203.0	1.0
2205.0	1.0
2206.0	1.0
2209.0	1.0
2211.0	1.0
2214.0	1.0
2215.0	1.0
2216.0	1.0
2217.0	1.0
2218.0	2.0
2220.0	2.0
2223.0	1.0
2226.0	1.0
2230.0	1.0
2235.0	1.0
2243.0	1.0
2244.0	1.0
2245.0	2.0
2247.0	1.0
2248.0	2.0
2251.0	1.0
2252.0	1.0
2254.0	1.0
2257.0	1.0
2261.0	1.0
2262.0	1.0
2263.0	3.0
2264.0	2.0
2265.0	2.0
2268.0	2.0
2272.0	1.0
2273.0	2.0
2275.0	3.0
2278.0	1.0
2280.0	4.0
2281.0	2.0
2282.0	1.0
2283.0	2.0
2284.0	3.0
2285.0	1.0
2288.0	1.0
2290.0	1.0
2292.0	1.0
2294.0	1.0
2295.0	3.0
2296.0	1.0
2297.0	2.0
2298.0	3.0
2299.0	2.0
2301.0	1.0
2303.0	1.0
2304.0	1.0
2306.0	1.0
2307.0	1.0
2309.0	1.0
2315.0	1.0
2317.0	1.0
2318.0	2.0
2319.0	1.0
2321.0	1.0
2322.0	1.0
2324.0	1.0
2326.0	2.0
2327.0	4.0
2328.0	3.0
2331.0	1.0
2332.0	1.0
2333.0	2.0
2334.0	1.0
2335.0	1.0
2336.0	1.0
2337.0	2.0
2338.0	3.0
2341.0	1.0
2342.0	1.0
2344.0	1.0
2345.0	2.0
2346.0	3.0
2348.0	1.0
2349.0	2.0
2351.0	1.0
2352.0	2.0
2354.0	1.0
2355.0	2.0
2356.0	2.0
2357.0	1.0
2358.0	4.0
2359.0	3.0
2360.0	1.0
2361.0	3.0
2362.0	1.0
2363.0	1.0
2364.0	1.0
2365.0	2.0
2366.0	3.0
2370.0	3.0
2372.0	2.0
2373.0	1.0
2374.0	2.0
2375.0	4.0
2376.0	1.0
2377.0	1.0
2378.0	1.0
2379.0	1.0
2382.0	1.0
2384.0	2.0
2385.0	1.0
2388.0	1.0
2390.0	2.0
2391.0	1.0
2392.0	2.0
2393.0	1.0
2394.0	2.0
2395.0	3.0
2396.0	3.0
2397.0	2.0
2398.0	3.0
2399.0	3.0
2401.0	2.0
2403.0	1.0
2404.0	2.0
2405.0	3.0
2406.0	1.0
2407.0	1.0
2408.0	3.0
2409.0	4.0
2410.0	4.0
2412.0	3.0
2413.0	3.0
2414.0	1.0
2415.0	3.0
2416.0	4.0
2417.0	1.0
2418.0	3.0
2420.0	2.0
2421.0	2.0
2422.0	1.0
2423.0	5.0
2424.0	1.0
2425.0	1.0
2426.0	3.0
2427.0	3.0
2428.0	3.0
2429.0	2.0
2430.0	2.0
2432.0	3.0
2433.0	3.0
2434.0	2.0
2435.0	3.0
2436.0	3.0
2437.0	1.0
2438.0	1.0
2439.0	3.0
2440.0	3.0
2441.0	1.0
2443.0	1.0
2445.0	1.0
2446.0	1.0
2448.0	1.0
2449.0	2.0
2450.0	1.0
2451.0	6.0
2452.0	3.0
2453.0	1.0
2454.0	3.0
2455.0	1.0
2456.0	2.0
2457.0	2.0
2459.0	1.0
2460.0	2.0
2461.0	1.0
2462.0	1.0
2463.0	1.0
2464.0	1.0
2465.0	2.0
2467.0	3.0
2468.0	1.0
2469.0	1.0
2471.0	3.0
2474.0	1.0
2477.0	2.0
2478.0	2.0
2479.0	1.0
2480.0	1.0
2482.0	1.0
2483.0	1.0
2484.0	2.0
2485.0	2.0
2487.0	2.0
2488.0	3.0
2489.0	3.0
2490.0	1.0
2491.0	1.0
2492.0	1.0
2493.0	2.0
2494.0	2.0
2495.0	1.0
2496.0	3.0
2497.0	1.0
2499.0	4.0
2500.0	2.0
2502.0	1.0
2504.0	1.0
2506.0	1.0
2508.0	3.0
2511.0	1.0
2513.0	1.0
2514.0	1.0
2516.0	1.0
2517.0	1.0
2518.0	1.0
2520.0	1.0
2521.0	3.0
2525.0	1.0
2526.0	1.0
2527.0	1.0
2528.0	1.0
2529.0	2.0
2530.0	1.0
2532.0	1.0
2533.0	1.0
2534.0	1.0
2535.0	1.0
2536.0	2.0
2537.0	3.0
2539.0	2.0
2540.0	1.0
2541.0	1.0
2543.0	3.0
2544.0	1.0
2545.0	1.0
2547.0	1.0
2549.0	3.0
2551.0	1.0
2552.0	1.0
2554.0	1.0
2556.0	2.0
2558.0	1.0
2561.0	1.0
2562.0	2.0
2563.0	1.0
2564.0	1.0
2568.0	1.0
2569.0	2.0
2570.0	1.0
2574.0	2.0
2577.0	1.0
2578.0	1.0
2579.0	4.0
2582.0	2.0
2583.0	1.0
2584.0	1.0
2585.0	2.0
2586.0	1.0
2587.0	2.0
2588.0	1.0
2590.0	1.0
2592.0	2.0
2594.0	3.0
2595.0	3.0
2596.0	1.0
2597.0	2.0
2598.0	1.0
2599.0	2.0
2600.0	3.0
2601.0	1.0
2603.0	3.0
2606.0	1.0
2607.0	3.0
2608.0	1.0
2609.0	1.0
2610.0	3.0
2611.0	1.0
2613.0	3.0
2614.0	2.0
2615.0	3.0
2616.0	4.0
2617.0	2.0
2618.0	2.0
2619.0	1.0
2620.0	1.0
2621.0	1.0
2622.0	1.0
2624.0	1.0
2625.0	2.0
2627.0	1.0
2628.0	2.0
2629.0	1.0
2632.0	1.0
2637.0	3.0
2638.0	1.0
2642.0	3.0
2643.0	1.0
2644.0	3.0
2646.0	2.0
2647.0	2.0
2648.0	2.0
2649.0	3.0
2650.0	2.0
2651.0	1.0
2653.0	1.0
2654.0	1.0
2655.0	1.0
2656.0	1.0
2658.0	3.0
2659.0	4.0
2660.0	1.0
2661.0	2.0
2662.0	3.0
2663.0	1.0
2664.0	3.0
2665.0	3.0
2666.0	4.0
2667.0	4.0
2668.0	2.0
2671.0	2.0
2673.0	1.0
2674.0	2.0
2675.0	2.0
2676.0	1.0
2677.0	2.0
2678.0	1.0
2679.0	3.0
2680.0	3.0
2681.0	1.0
2682.0	1.0
2683.0	1.0
2684.0	2.0
2685.0	1.0
2686.0	1.0
2687.0	3.0
2688.0	3.0
2689.0	1.0
2690.0	2.0
2691.0	4.0
2692.0	2.0
2693.0	1.0
2695.0	2.0
2696.0	2.0
2697.0	1.0
2699.0	6.0
2700.0	3.0
2702.0	1.0
2703.0	1.0
2704.0	2.0
2707.0	3.0
2708.0	3.0
2709.0	1.0
2710.0	1.0
2711.0	2.0
2712.0	1.0
2713.0	3.0
2715.0	1.0
2716.0	1.0
2717.0	2.0
2718.0	4.0
2720.0	1.0
2721.0	4.0
2722.0	3.0
2724.0	2.0
2725.0	4.0
2726.0	2.0
2728.0	1.0
2729.0	4.0
2730.0	1.0
2731.0	1.0
2733.0	3.0
2734.0	3.0
2735.0	2.0
2736.0	1.0
2737.0	1.0
2738.0	3.0
2739.0	2.0
2740.0	1.0
2741.0	2.0
2742.0	3.0
2743.0	2.0
2744.0	2.0
2746.0	3.0
2747.0	5.0
2749.0	2.0
2750.0	4.0
2752.0	5.0
2753.0	2.0
2754.0	3.0
2755.0	1.0
2756.0	4.0
2757.0	3.0
2758.0	4.0
2759.0	4.0
2760.0	2.0
2761.0	3.0
2762.0	3.0
2763.0	3.0
2764.0	5.0
2765.0	2.0
2766.0	3.0
2768.0	2.0
2770.0	2.0
2773.0	2.0
2774.0	1.0
2775.0	6.0
2776.0	7.0
2777.0	3.0
2778.0	1.0
2779.0	5.0
2780.0	3.0
2781.0	4.0
2782.0	5.0
2783.0	2.0
2784.0	3.0
2785.0	3.0
2786.0	7.0
2787.0	5.0
2788.0	1.0
2789.0	6.0
2790.0	5.0
2791.0	2.0
2792.0	6.0
2793.0	2.0
2794.0	2.0
2795.0	2.0
2796.0	4.0
2797.0	3.0
2798.0	2.0
2799.0	4.0
2800.0	4.0
2801.0	5.0
2802.0	3.0
2803.0	4.0
2804.0	3.0
2805.0	2.0
2806.0	2.0
2807.0	4.0
2808.0	4.0
2809.0	3.0
2810.0	7.0
2811.0	2.0
2812.0	2.0
2813.0	2.0
2814.0	5.0
2815.0	5.0
2816.0	5.0
2817.0	2.0
2818.0	5.0
2819.0	3.0
2820.0	3.0
2821.0	7.0
2822.0	5.0
2823.0	4.0
2824.0	4.0
2825.0	4.0
2826.0	5.0
2827.0	5.0
2828.0	1.0
2829.0	1.0
2830.0	2.0
2831.0	4.0
2832.0	3.0
2833.0	5.0
2834.0	6.0
2835.0	4.0
2836.0	4.0
2837.0	4.0
2838.0	3.0
2839.0	4.0
2840.0	5.0
2841.0	4.0
2842.0	4.0
2843.0	5.0
2844.0	2.0
2845.0	3.0
2846.0	3.0
2847.0	6.0
2848.0	10.0
2849.0	3.0
2850.0	6.0
2851.0	3.0
2852.0	2.0
2853.0	5.0
2854.0	2.0
2855.0	5.0
2856.0	6.0
2857.0	6.0
2858.0	5.0
2859.0	8.0
2860.0	2.0
2861.0	2.0
2862.0	5.0
2863.0	9.0
2864.0	8.0
2865.0	7.0
2866.0	6.0
2867.0	8.0
2868.0	9.0
2869.0	4.0
2870.0	3.0
2871.0	4.0
2872.0	3.0
2873.0	7.0
2874.0	3.0
2875.0	5.0
2876.0	2.0
2877.0	5.0
2878.0	4.0
2879.0	6.0
2880.0	7.0
2881.0	1.0
2882.0	3.0
2883.0	1.0
2884.0	1.0
2885.0	6.0
2886.0	6.0
2887.0	4.0
2888.0	2.0
2889.0	5.0
2890.0	4.0
2891.0	5.0
2892.0	2.0
2893.0	3.0
2894.0	4.0
2895.0	8.0
2896.0	5.0
2897.0	3.0
2898.0	7.0
2899.0	4.0
2900.0	2.0
2901.0	6.0
2902.0	6.0
2903.0	5.0
2904.0	5.0
2905.0	1.0
2906.0	4.0
2907.0	7.0
2908.0	4.0
2909.0	4.0
2910.0	8.0
2911.0	5.0
2912.0	4.0
2913.0	11.0
2914.0	3.0
2915.0	5.0
2916.0	3.0
2917.0	7.0
2918.0	4.0
2919.0	8.0
2920.0	6.0
2921.0	8.0
2922.0	5.0
2923.0	5.0
2924.0	6.0
2925.0	5.0
2926.0	7.0
2927.0	5.0
2928.0	1.0
2929.0	4.0
2930.0	5.0
2931.0	9.0
2932.0	3.0
2933.0	7.0
2934.0	7.0
2935.0	6.0
2936.0	3.0
2937.0	6.0
2938.0	8.0
2939.0	5.0
2940.0	2.0
2941.0	3.0
2942.0	6.0
2943.0	5.0
2944.0	9.0
2945.0	7.0
2946.0	3.0
2947.0	6.0
2948.0	6.0
2949.0	7.0
2950.0	2.0
2951.0	2.0
2952.0	2.0
2953.0	3.0
2954.0	2.0
2955.0	1.0
2956.0	4.0
2957.0	6.0
2958.0	6.0
2959.0	3.0
2960.0	7.0
2961.0	6.0
2962.0	3.0
2963.0	3.0
2964.0	4.0
2965.0	5.0
2966.0	7.0
2967.0	4.0
2968.0	2.0
2969.0	4.0
2970.0	5.0
2971.0	2.0
2972.0	3.0
2973.0	2.0
2974.0	8.0
2975.0	5.0
2976.0	4.0
2977.0	5.0
2978.0	1.0
2979.0	12.0
2980.0	6.0
2981.0	7.0
2982.0	5.0
2983.0	7.0
2984.0	4.0
2985.0	2.0
2986.0	6.0
2987.0	4.0
2988.0	4.0
2989.0	9.0
2990.0	7.0
2991.0	3.0
2992.0	4.0
2993.0	5.0
2994.0	4.0
2995.0	6.0
2996.0	4.0
2997.0	3.0
2998.0	1.0
2999.0	5.0
3000.0	5.0
3001.0	3.0
3002.0	5.0
3003.0	3.0
3004.0	3.0
3005.0	2.0
3006.0	3.0
3007.0	2.0
3008.0	4.0
3009.0	3.0
3010.0	3.0
3011.0	7.0
3013.0	3.0
3014.0	8.0
3015.0	9.0
3016.0	1.0
3017.0	4.0
3018.0	3.0
3019.0	4.0
3020.0	5.0
3021.0	4.0
3022.0	10.0
3023.0	2.0
3024.0	6.0
3025.0	2.0
3026.0	4.0
3027.0	6.0
3028.0	7.0
3029.0	9.0
3030.0	4.0
3031.0	3.0
3032.0	4.0
3033.0	7.0
3034.0	5.0
3035.0	5.0
3036.0	2.0
3037.0	4.0
3038.0	5.0
3039.0	3.0
3040.0	5.0
3041.0	4.0
3042.0	4.0
3043.0	3.0
3044.0	5.0
3045.0	8.0
3046.0	6.0
3047.0	4.0
3048.0	4.0
3049.0	7.0
3050.0	8.0
3051.0	5.0
3052.0	5.0
3053.0	5.0
3054.0	5.0
3055.0	1.0
3056.0	6.0
3057.0	3.0
3058.0	4.0
3059.0	5.0
3060.0	3.0
3061.0	2.0
3062.0	2.0
3063.0	2.0
3064.0	5.0
3065.0	3.0
3066.0	2.0
3067.0	1.0
3068.0	3.0
3069.0	6.0
3070.0	5.0
3071.0	10.0
3072.0	8.0
3073.0	4.0
3074.0	6.0
3075.0	9.0
3076.0	6.0
3077.0	1.0
3078.0	6.0
3079.0	3.0
3080.0	3.0
3081.0	2.0
3082.0	5.0
3083.0	4.0
3084.0	5.0
3085.0	9.0
3086.0	8.0
3087.0	7.0
3088.0	1.0
3089.0	8.0
3090.0	2.0
3091.0	5.0
3092.0	2.0
3093.0	3.0
3094.0	5.0
3095.0	8.0
3096.0	2.0
3097.0	6.0
3098.0	7.0
3099.0	5.0
3100.0	4.0
3101.0	7.0
3102.0	2.0
3103.0	5.0
3104.0	2.0
3105.0	10.0
3106.0	4.0
3107.0	6.0
3108.0	7.0
3109.0	6.0
3110.0	4.0
3111.0	5.0
3112.0	6.0
3113.0	12.0
3114.0	5.0
3115.0	4.0
3116.0	2.0
3117.0	3.0
3118.0	6.0
3119.0	11.0
3120.0	4.0
3121.0	4.0
3122.0	6.0
3123.0	6.0
3124.0	5.0
3125.0	8.0
3126.0	4.0
3128.0	6.0
3129.0	6.0
3130.0	4.0
3131.0	4.0
3132.0	1.0
3133.0	3.0
3134.0	4.0
3136.0	4.0
3137.0	3.0
3138.0	4.0
3139.0	8.0
3140.0	5.0
3141.0	1.0
3142.0	8.0
3143.0	4.0
3144.0	6.0
3145.0	4.0
3146.0	3.0
3147.0	5.0
3148.0	3.0
3149.0	4.0
3150.0	3.0
3151.0	8.0
3152.0	6.0
3153.0	4.0
3154.0	5.0
3155.0	3.0
3156.0	5.0
3157.0	4.0
3158.0	7.0
3159.0	5.0
3160.0	5.0
3161.0	5.0
3162.0	5.0
3163.0	2.0
3164.0	3.0
3165.0	2.0
3166.0	7.0
3167.0	4.0
3168.0	2.0
3169.0	8.0
3170.0	7.0
3171.0	2.0
3172.0	5.0
3173.0	6.0
3174.0	8.0
3175.0	6.0
3176.0	6.0
3177.0	5.0
3178.0	4.0
3179.0	5.0
3180.0	8.0
3181.0	6.0
3182.0	5.0
3183.0	6.0
3184.0	2.0
3185.0	7.0
3186.0	8.0
3187.0	4.0
3188.0	7.0
3189.0	6.0
3190.0	3.0
3191.0	10.0
3192.0	2.0
3193.0	6.0
3194.0	7.0
3195.0	6.0
3196.0	4.0
3197.0	6.0
3198.0	4.0
3199.0	10.0
3200.0	8.0
3201.0	8.0
3202.0	4.0
3203.0	4.0
3204.0	7.0
3205.0	6.0
3206.0	5.0
3207.0	5.0
3208.0	4.0
3209.0	6.0
3210.0	2.0
3211.0	5.0
3212.0	5.0
3213.0	3.0
3214.0	3.0
3215.0	3.0
3216.0	9.0
3217.0	5.0
3218.0	6.0
3219.0	7.0
3220.0	6.0
3221.0	3.0
3222.0	5.0
3223.0	6.0
3224.0	4.0
3225.0	6.0
3226.0	6.0
3227.0	5.0
3228.0	6.0
3229.0	8.0
3230.0	2.0
3231.0	6.0
3232.0	8.0
3233.0	10.0
3234.0	8.0
3235.0	4.0
3236.0	6.0
3237.0	6.0
3238.0	4.0
3239.0	6.0
3240.0	5.0
3241.0	6.0
3242.0	6.0
3243.0	3.0
3244.0	12.0
3245.0	7.0
3246.0	8.0
3247.0	7.0
3248.0	4.0
3249.0	4.0
3250.0	11.0
3251.0	6.0
3252.0	2.0
3253.0	7.0
3254.0	6.0
3255.0	8.0
3256.0	5.0
3257.0	5.0
3258.0	7.0
3259.0	4.0
3260.0	2.0
3261.0	7.0
3262.0	7.0
3263.0	5.0
3264.0	7.0
3265.0	6.0
3266.0	7.0
3267.0	5.0
3268.0	3.0
3269.0	5.0
3270.0	5.0
3271.0	10.0
3272.0	8.0
3273.0	10.0
3274.0	6.0
3275.0	4.0
3276.0	6.0
3277.0	3.0
3278.0	7.0
3279.0	8.0
3280.0	7.0
3281.0	9.0
3282.0	13.0
3283.0	5.0
3284.0	9.0
3285.0	4.0
3286.0	8.0
3287.0	7.0
3288.0	6.0
3289.0	7.0
3290.0	11.0
3291.0	6.0
3292.0	4.0
3293.0	3.0
3294.0	5.0
3295.0	4.0
3296.0	4.0
3297.0	4.0
3298.0	9.0
3299.0	6.0
3300.0	6.0
3301.0	6.0
3302.0	5.0
3303.0	9.0
3304.0	8.0
3305.0	9.0
3306.0	9.0
3307.0	3.0
3308.0	8.0
3309.0	7.0
3310.0	6.0
3311.0	8.0
3312.0	6.0
3313.0	6.0
3314.0	2.0
3315.0	9.0
3316.0	10.0
3317.0	6.0
3318.0	8.0
3319.0	7.0
3320.0	10.0
3321.0	5.0
3322.0	10.0
3323.0	6.0
3324.0	8.0
3325.0	2.0
3326.0	5.0
3327.0	6.0
3328.0	6.0
3329.0	5.0
3330.0	10.0
3331.0	8.0
3332.0	6.0
3333.0	7.0
3334.0	8.0
3335.0	6.0
3336.0	13.0
3337.0	5.0
3338.0	10.0
3339.0	11.0
3340.0	12.0
3341.0	4.0
3342.0	11.0
3343.0	12.0
3344.0	6.0
3345.0	10.0
3346.0	15.0
3347.0	4.0
3348.0	9.0
3349.0	3.0
3350.0	7.0
3351.0	9.0
3352.0	9.0
3353.0	13.0
3354.0	6.0
3355.0	8.0
3356.0	4.0
3357.0	6.0
3358.0	10.0
3359.0	9.0
3360.0	5.0
3361.0	8.0
3362.0	10.0
3363.0	8.0
3364.0	5.0
3365.0	8.0
3366.0	9.0
3367.0	6.0
3368.0	7.0
3369.0	8.0
3370.0	10.0
3371.0	7.0
3372.0	19.0
3373.0	8.0
3374.0	11.0
3375.0	8.0
3376.0	10.0
3377.0	4.0
3378.0	5.0
3379.0	10.0
3380.0	6.0
3381.0	8.0
3382.0	13.0
3383.0	9.0
3384.0	9.0
3385.0	11.0
3386.0	9.0
3387.0	11.0
3388.0	10.0
3389.0	8.0
3390.0	9.0
3391.0	4.0
3392.0	10.0
3393.0	8.0
3394.0	11.0
3395.0	6.0
3396.0	5.0
3397.0	6.0
3398.0	5.0
3399.0	8.0
3400.0	9.0
3401.0	9.0
3402.0	7.0
3403.0	2.0
3404.0	8.0
3405.0	7.0
3406.0	9.0
3407.0	8.0
3408.0	7.0
3409.0	11.0
3410.0	7.0
3411.0	8.0
3412.0	14.0
3413.0	10.0
3414.0	7.0
3415.0	8.0
3416.0	10.0
3417.0	6.0
3418.0	10.0
3419.0	7.0
3420.0	9.0
3421.0	7.0
3422.0	9.0
3423.0	8.0
3424.0	6.0
3425.0	13.0
3426.0	7.0
3427.0	10.0
3428.0	12.0
3429.0	13.0
3430.0	8.0
3431.0	9.0
3432.0	8.0
3433.0	9.0
3434.0	9.0
3435.0	9.0
3436.0	4.0
3437.0	13.0
3438.0	13.0
3439.0	12.0
3440.0	5.0
3441.0	8.0
3442.0	6.0
3443.0	9.0
3444.0	10.0
3445.0	12.0
3446.0	4.0
3447.0	11.0
3448.0	8.0
3449.0	5.0
3450.0	4.0
3451.0	7.0
3452.0	10.0
3453.0	9.0
3454.0	12.0
3455.0	11.0
3456.0	7.0
3457.0	12.0
3458.0	8.0
3459.0	6.0
3460.0	6.0
3461.0	8.0
3462.0	7.0
3463.0	6.0
3464.0	7.0
3465.0	7.0
3466.0	5.0
3467.0	14.0
3468.0	9.0
3469.0	10.0
3470.0	10.0
3471.0	7.0
3472.0	6.0
3473.0	11.0
3474.0	6.0
3475.0	6.0
3476.0	6.0
3477.0	9.0
3478.0	7.0
3479.0	8.0
3480.0	9.0
3481.0	3.0
3482.0	3.0
3483.0	7.0
3484.0	10.0
3485.0	11.0
3486.0	6.0
3487.0	5.0
3488.0	7.0
3489.0	10.0
3490.0	7.0
3491.0	12.0
3492.0	4.0
3493.0	4.0
3494.0	9.0
3495.0	8.0
3496.0	7.0
3497.0	10.0
3498.0	5.0
3499.0	5.0
3500.0	9.0
3501.0	7.0
3502.0	6.0
3503.0	6.0
3504.0	5.0
3505.0	7.0
3506.0	8.0
3507.0	8.0
3508.0	9.0
3509.0	9.0
3510.0	3.0
3511.0	5.0
3512.0	2.0
3513.0	9.0
3514.0	7.0
3515.0	10.0
3516.0	9.0
3517.0	6.0
3518.0	15.0
3519.0	6.0
3520.0	4.0
3521.0	9.0
3522.0	11.0
3523.0	10.0
3524.0	10.0
3525.0	7.0
3526.0	6.0
3527.0	6.0
3528.0	8.0
3529.0	11.0
3530.0	5.0
3531.0	5.0
3532.0	11.0
3533.0	6.0
3534.0	5.0
3535.0	5.0
3536.0	7.0
3537.0	6.0
3538.0	12.0
3539.0	8.0
3540.0	3.0
3541.0	5.0
3542.0	7.0
3543.0	7.0
3544.0	6.0
3545.0	9.0
3546.0	8.0
3547.0	7.0
3548.0	11.0
3549.0	8.0
3550.0	8.0
3551.0	10.0
3552.0	5.0
3553.0	10.0
3554.0	8.0
3555.0	18.0
3556.0	7.0
3557.0	7.0
3558.0	10.0
3559.0	12.0
3560.0	9.0
3561.0	12.0
3562.0	13.0
3563.0	7.0
3564.0	7.0
3565.0	8.0
3566.0	5.0
3567.0	7.0
3568.0	6.0
3569.0	9.0
3570.0	8.0
3571.0	17.0
3572.0	9.0
3573.0	13.0
3574.0	12.0
3575.0	14.0
3576.0	6.0
3577.0	7.0
3578.0	6.0
3579.0	11.0
3580.0	6.0
3581.0	6.0
3582.0	8.0
3583.0	13.0
3584.0	7.0
3585.0	10.0
3586.0	10.0
3587.0	11.0
3588.0	10.0
3589.0	8.0
3590.0	10.0
3591.0	8.0
3592.0	10.0
3593.0	12.0
3594.0	13.0
3595.0	9.0
3596.0	12.0
3597.0	11.0
3598.0	10.0
3599.0	15.0
3600.0	9.0
3601.0	12.0
3602.0	14.0
3603.0	12.0
3604.0	15.0
3605.0	10.0
3606.0	8.0
3607.0	10.0
3608.0	5.0
3609.0	8.0
3610.0	11.0
3611.0	10.0
3612.0	10.0
3613.0	15.0
3614.0	9.0
3615.0	11.0
3616.0	12.0
3617.0	7.0
3618.0	12.0
3619.0	11.0
3620.0	12.0
3621.0	13.0
3622.0	8.0
3623.0	16.0
3624.0	12.0
3625.0	11.0
3626.0	12.0
3627.0	19.0
3628.0	15.0
3629.0	14.0
3630.0	16.0
3631.0	14.0
3632.0	10.0
3633.0	8.0
3634.0	12.0
3635.0	12.0
3636.0	12.0
3637.0	12.0
3638.0	15.0
3639.0	9.0
3640.0	13.0
3641.0	6.0
3642.0	20.0
3643.0	10.0
3644.0	13.0
3645.0	10.0
3646.0	13.0
3647.0	14.0
3648.0	9.0
3649.0	20.0
3650.0	11.0
3651.0	12.0
3652.0	14.0
3653.0	11.0
3654.0	15.0
3655.0	15.0
3656.0	13.0
3657.0	13.0
3658.0	13.0
3659.0	12.0
3660.0	12.0
3661.0	15.0
3662.0	12.0
3663.0	19.0
3664.0	23.0
3665.0	17.0
3666.0	21.0
3667.0	9.0
3668.0	10.0
3669.0	15.0
3670.0	11.0
3671.0	11.0
3672.0	15.0
3673.0	14.0
3674.0	14.0
3675.0	14.0
3676.0	10.0
3677.0	11.0
3678.0	15.0
3679.0	13.0
3680.0	19.0
3681.0	14.0
3682.0	12.0
3683.0	17.0
3684.0	17.0
3685.0	18.0
3686.0	15.0
3687.0	22.0
3688.0	13.0
3689.0	19.0
3690.0	11.0
3691.0	11.0
3692.0	11.0
3693.0	9.0
3694.0	13.0
3695.0	10.0
3696.0	10.0
3697.0	9.0
3698.0	16.0
3699.0	4.0
3700.0	22.0
3701.0	15.0
3702.0	13.0
3703.0	11.0
3704.0	15.0
3705.0	14.0
3706.0	13.0
3707.0	18.0
3708.0	16.0
3709.0	9.0
3710.0	15.0
3711.0	15.0
3712.0	21.0
3713.0	13.0
3714.0	10.0
3715.0	11.0
3716.0	17.0
3717.0	17.0
3718.0	14.0
3719.0	19.0
3720.0	13.0
3721.0	13.0
3722.0	14.0
3723.0	19.0
3724.0	13.0
3725.0	18.0
3726.0	15.0
3727.0	9.0
3728.0	14.0
3729.0	5.0
3730.0	15.0
3731.0	8.0
3732.0	25.0
3733.0	13.0
3734.0	13.0
3735.0	10.0
3736.0	20.0
3737.0	11.0
3738.0	23.0
3739.0	21.0
3740.0	20.0
3741.0	17.0
3742.0	11.0
3743.0	10.0
3744.0	10.0
3745.0	9.0
3746.0	17.0
3747.0	11.0
3748.0	19.0
3749.0	9.0
3750.0	11.0
3751.0	10.0
3752.0	12.0
3753.0	16.0
3754.0	13.0
3755.0	15.0
3756.0	14.0
3757.0	9.0
3758.0	10.0
3759.0	12.0
3760.0	18.0
3761.0	7.0
3762.0	9.0
3763.0	9.0
3764.0	12.0
3765.0	9.0
3766.0	14.0
3767.0	12.0
3768.0	13.0
3769.0	12.0
3770.0	11.0
3771.0	17.0
3772.0	13.0
3773.0	10.0
3774.0	11.0
3775.0	12.0
3776.0	16.0
3777.0	13.0
3778.0	18.0
3779.0	20.0
3780.0	18.0
3781.0	4.0
3782.0	12.0
3783.0	16.0
3784.0	16.0
3785.0	16.0
3786.0	6.0
3787.0	11.0
3788.0	11.0
3789.0	11.0
3790.0	7.0
3791.0	8.0
3792.0	11.0
3793.0	10.0
3794.0	13.0
3795.0	12.0
3796.0	16.0
3797.0	16.0
3798.0	16.0
3799.0	16.0
3800.0	13.0
3801.0	14.0
3802.0	13.0
3803.0	11.0
3804.0	11.0
3805.0	11.0
3806.0	17.0
3807.0	13.0
3808.0	8.0
3809.0	11.0
3810.0	15.0
3811.0	9.0
3812.0	13.0
3813.0	9.0
3814.0	17.0
3815.0	16.0
3816.0	12.0
3817.0	11.0
3818.0	8.0
3819.0	9.0
3820.0	14.0
3821.0	9.0
3822.0	9.0
3823.0	8.0
3824.0	10.0
3825.0	10.0
3826.0	9.0
3827.0	6.0
3828.0	11.0
3829.0	9.0
3830.0	10.0
3831.0	16.0
3832.0	11.0
3833.0	15.0
3834.0	11.0
3835.0	11.0
3836.0	3.0
3837.0	9.0
3838.0	14.0
3839.0	10.0
3840.0	5.0
3841.0	13.0
3842.0	16.0
3843.0	11.0
3844.0	11.0
3845.0	12.0
3846.0	13.0
3847.0	7.0
3848.0	5.0
3849.0	12.0
3850.0	18.0
3851.0	15.0
3852.0	8.0
3853.0	13.0
3854.0	6.0
3855.0	11.0
3856.0	6.0
3857.0	10.0
3858.0	13.0
3859.0	13.0
3860.0	13.0
3861.0	11.0
3862.0	9.0
3863.0	14.0
3864.0	8.0
3865.0	11.0
3866.0	9.0
3867.0	10.0
3868.0	17.0
3869.0	7.0
3870.0	9.0
3871.0	6.0
3872.0	9.0
3873.0	10.0
3874.0	8.0
3875.0	9.0
3876.0	11.0
3877.0	9.0
3878.0	9.0
3879.0	13.0
3880.0	10.0
3881.0	10.0
3882.0	13.0
3883.0	10.0
3884.0	6.0
3885.0	9.0
3886.0	9.0
3887.0	8.0
3888.0	14.0
3889.0	6.0
3890.0	8.0
3891.0	8.0
3892.0	9.0
3893.0	11.0
3894.0	9.0
3895.0	6.0
3896.0	15.0
3897.0	15.0
3898.0	7.0
3899.0	14.0
3900.0	12.0
3901.0	8.0
3902.0	8.0
3903.0	11.0
3904.0	11.0
3905.0	3.0
3906.0	15.0
3907.0	11.0
3908.0	10.0
3909.0	11.0
3910.0	7.0
3911.0	10.0
3912.0	16.0
3913.0	17.0
3914.0	12.0
3915.0	9.0
3916.0	13.0
3917.0	15.0
3918.0	8.0
3919.0	16.0
3920.0	14.0
3921.0	12.0
3922.0	11.0
3923.0	13.0
3924.0	11.0
3925.0	10.0
3926.0	7.0
3927.0	10.0
3928.0	5.0
3929.0	12.0
3930.0	14.0
3931.0	14.0
3932.0	6.0
3933.0	5.0
3934.0	16.0
3935.0	8.0
3936.0	9.0
3937.0	12.0
3938.0	7.0
3939.0	12.0
3940.0	9.0
3941.0	9.0
3942.0	11.0
3943.0	8.0
3944.0	5.0
3945.0	13.0
3946.0	13.0
3947.0	9.0
3948.0	6.0
3949.0	11.0
3950.0	14.0
3951.0	10.0
3952.0	8.0
3953.0	14.0
3954.0	17.0
3955.0	9.0
3956.0	11.0
3957.0	8.0
3958.0	6.0
3959.0	13.0
3960.0	13.0
3961.0	8.0
3962.0	11.0
3963.0	9.0
3964.0	9.0
3965.0	10.0
3966.0	15.0
3967.0	7.0
3968.0	5.0
3969.0	9.0
3970.0	6.0
3971.0	8.0
3972.0	7.0
3973.0	10.0
3974.0	6.0
3975.0	10.0
3976.0	10.0
3977.0	10.0
3978.0	11.0
3979.0	4.0
3980.0	6.0
3981.0	10.0
3982.0	10.0
3983.0	6.0
3984.0	11.0
3985.0	11.0
3986.0	9.0
3987.0	7.0
3988.0	11.0
3989.0	5.0
3990.0	13.0
3991.0	14.0
3992.0	3.0
3993.0	6.0
3994.0	9.0
3995.0	13.0
3996.0	7.0
3997.0	13.0
3998.0	11.0
3999.0	7.0
4000.0	6.0
4001.0	8.0
4002.0	10.0
4003.0	8.0
4004.0	7.0
4005.0	11.0
4006.0	5.0
4007.0	13.0
4008.0	10.0
4009.0	11.0
4010.0	8.0
4011.0	11.0
4012.0	12.0
4013.0	7.0
4014.0	11.0
4015.0	16.0
4016.0	12.0
4017.0	10.0
4018.0	16.0
4019.0	10.0
4020.0	8.0
4021.0	7.0
4022.0	14.0
4023.0	10.0
4024.0	8.0
4025.0	11.0
4026.0	7.0
4027.0	8.0
4028.0	16.0
4029.0	7.0
4030.0	15.0
4031.0	12.0
4032.0	10.0
4033.0	15.0
4034.0	7.0
4035.0	9.0
4036.0	10.0
4037.0	12.0
4038.0	12.0
4039.0	8.0
4040.0	10.0
4041.0	5.0
4042.0	12.0
4043.0	20.0
4044.0	9.0
4045.0	13.0
4046.0	7.0
4047.0	18.0
4048.0	12.0
4049.0	13.0
4050.0	13.0
4051.0	12.0
4052.0	11.0
4053.0	8.0
4054.0	14.0
4055.0	10.0
4056.0	16.0
4057.0	13.0
4058.0	12.0
4059.0	11.0
4060.0	9.0
4061.0	10.0
4062.0	15.0
4063.0	9.0
4064.0	13.0
4065.0	5.0
4066.0	10.0
4067.0	10.0
4068.0	11.0
4069.0	15.0
4070.0	13.0
4071.0	7.0
4072.0	15.0
4073.0	16.0
4074.0	17.0
4075.0	13.0
4076.0	15.0
4077.0	13.0
4078.0	15.0
4079.0	18.0
4080.0	10.0
4081.0	15.0
4082.0	10.0
4083.0	9.0
4084.0	13.0
4085.0	7.0
4086.0	12.0
4087.0	11.0
4088.0	16.0
4089.0	8.0
4090.0	10.0
4091.0	9.0
4092.0	15.0
4093.0	16.0
4094.0	13.0
4095.0	9.0
4096.0	7.0
4097.0	10.0
4098.0	13.0
4099.0	10.0
4100.0	12.0
4101.0	9.0
4102.0	8.0
4103.0	11.0
4104.0	14.0
4105.0	12.0
4106.0	10.0
4107.0	9.0
4108.0	16.0
4109.0	11.0
4110.0	16.0
4111.0	11.0
4112.0	18.0
4113.0	13.0
4114.0	12.0
4115.0	9.0
4116.0	8.0
4117.0	11.0
4118.0	11.0
4119.0	8.0
4120.0	10.0
4121.0	9.0
4122.0	15.0
4123.0	12.0
4124.0	12.0
4125.0	20.0
4126.0	11.0
4127.0	15.0
4128.0	20.0
4129.0	8.0
4130.0	9.0
4131.0	11.0
4132.0	12.0
4133.0	10.0
4134.0	14.0
4135.0	9.0
4136.0	11.0
4137.0	8.0
4138.0	11.0
4139.0	18.0
4140.0	6.0
4141.0	14.0
4142.0	11.0
4143.0	15.0
4144.0	12.0
4145.0	15.0
4146.0	7.0
4147.0	11.0
4148.0	19.0
4149.0	12.0
4150.0	12.0
4151.0	13.0
4152.0	11.0
4153.0	11.0
4154.0	18.0
4155.0	12.0
4156.0	13.0
4157.0	19.0
4158.0	13.0
4159.0	11.0
4160.0	15.0
4161.0	12.0
4162.0	13.0
4163.0	16.0
4164.0	17.0
4165.0	12.0
4166.0	16.0
4167.0	9.0
4168.0	10.0
4169.0	11.0
4170.0	15.0
4171.0	11.0
4172.0	14.0
4173.0	7.0
4174.0	19.0
4175.0	7.0
4176.0	17.0
4177.0	11.0
4178.0	14.0
4179.0	14.0
4180.0	8.0
4181.0	13.0
4182.0	8.0
4183.0	6.0
4184.0	13.0
4185.0	16.0
4186.0	8.0
4187.0	9.0
4188.0	12.0
4189.0	14.0
4190.0	9.0
4191.0	14.0
4192.0	8.0
4193.0	12.0
4194.0	11.0
4195.0	15.0
4196.0	11.0
4197.0	10.0
4198.0	7.0
4199.0	13.0
4200.0	11.0
4201.0	16.0
4202.0	14.0
4203.0	12.0
4204.0	11.0
4205.0	9.0
4206.0	8.0
4207.0	14.0
4208.0	11.0
4209.0	9.0
4210.0	17.0
4211.0	22.0
4212.0	14.0
4213.0	18.0
4214.0	13.0
4215.0	9.0
4216.0	13.0
4217.0	11.0
4218.0	6.0
4219.0	13.0
4220.0	10.0
4221.0	14.0
4222.0	12.0
4223.0	11.0
4224.0	14.0
4225.0	6.0
4226.0	7.0
4227.0	13.0
4228.0	7.0
4229.0	14.0
4230.0	11.0
4231.0	11.0
4232.0	8.0
4233.0	8.0
4234.0	4.0
4235.0	6.0
4236.0	8.0
4237.0	11.0
4238.0	10.0
4239.0	16.0
4240.0	9.0
4241.0	5.0
4242.0	12.0
4243.0	14.0
4244.0	7.0
4245.0	8.0
4246.0	14.0
4247.0	13.0
4248.0	11.0
4249.0	12.0
4250.0	10.0
4251.0	9.0
4252.0	9.0
4253.0	19.0
4254.0	6.0
4255.0	7.0
4256.0	8.0
4257.0	8.0
4258.0	9.0
4259.0	16.0
4260.0	7.0
4261.0	7.0
4262.0	5.0
4263.0	6.0
4264.0	8.0
4265.0	7.0
4266.0	13.0
4267.0	9.0
4268.0	10.0
4269.0	12.0
4270.0	11.0
4271.0	12.0
4272.0	14.0
4273.0	9.0
4274.0	8.0
4275.0	13.0
4276.0	9.0
4277.0	9.0
4278.0	5.0
4279.0	14.0
4280.0	11.0
4281.0	8.0
4282.0	7.0
4283.0	8.0
4284.0	6.0
4285.0	11.0
4286.0	7.0
4287.0	3.0
4288.0	5.0
4289.0	9.0
4290.0	2.0
4291.0	11.0
4292.0	4.0
4293.0	10.0
4294.0	7.0
4295.0	9.0
4296.0	14.0
4297.0	13.0
4298.0	10.0
4299.0	3.0
4300.0	4.0
4301.0	5.0
4302.0	11.0
4303.0	10.0
4304.0	6.0
4305.0	6.0
4306.0	9.0
4307.0	8.0
4308.0	5.0
4309.0	9.0
4310.0	7.0
4311.0	10.0
4312.0	11.0
4313.0	9.0
4314.0	12.0
4315.0	11.0
4316.0	6.0
4317.0	8.0
4318.0	3.0
4319.0	13.0
4320.0	12.0
4321.0	10.0
4322.0	14.0
4323.0	7.0
4324.0	8.0
4325.0	11.0
4326.0	14.0
4327.0	10.0
4328.0	11.0
4329.0	6.0
4330.0	19.0
4331.0	11.0
4332.0	10.0
4333.0	11.0
4334.0	10.0
4335.0	13.0
4336.0	13.0
4337.0	10.0
4338.0	11.0
4339.0	8.0
4340.0	16.0
4341.0	6.0
4342.0	10.0
4343.0	11.0
4344.0	9.0
4345.0	12.0
4346.0	13.0
4347.0	14.0
4348.0	15.0
4349.0	7.0
4350.0	10.0
4351.0	12.0
4352.0	10.0
4353.0	12.0
4354.0	11.0
4355.0	13.0
4356.0	9.0
4357.0	12.0
4358.0	5.0
4359.0	14.0
4360.0	11.0
4361.0	10.0
4362.0	12.0
4363.0	12.0
4364.0	15.0
4365.0	7.0
4366.0	11.0
4367.0	11.0
4368.0	12.0
4369.0	9.0
4370.0	11.0
4371.0	13.0
4372.0	18.0
4373.0	9.0
4374.0	7.0
4375.0	13.0
4376.0	14.0
4377.0	9.0
4378.0	10.0
4379.0	8.0
4380.0	8.0
4381.0	12.0
4382.0	19.0
4383.0	9.0
4384.0	9.0
4385.0	8.0
4386.0	10.0
4387.0	13.0
4388.0	19.0
4389.0	13.0
4390.0	12.0
4391.0	13.0
4392.0	4.0
4393.0	11.0
4394.0	11.0
4395.0	9.0
4396.0	14.0
4397.0	12.0
4398.0	9.0
4399.0	19.0
4400.0	11.0
4401.0	11.0
4402.0	11.0
4403.0	10.0
4404.0	13.0
4405.0	15.0
4406.0	7.0
4407.0	13.0
4408.0	9.0
4409.0	11.0
4410.0	10.0
4411.0	14.0
4412.0	10.0
4413.0	10.0
4414.0	9.0
4415.0	20.0
4416.0	19.0
4417.0	10.0
4418.0	10.0
4419.0	5.0
4420.0	12.0
4421.0	17.0
4422.0	14.0
4423.0	11.0
4424.0	8.0
4425.0	17.0
4426.0	14.0
4427.0	15.0
4428.0	6.0
4429.0	16.0
4430.0	6.0
4431.0	12.0
4432.0	8.0
4433.0	11.0
4434.0	13.0
4435.0	7.0
4436.0	11.0
4437.0	7.0
4438.0	13.0
4439.0	6.0
4440.0	8.0
4441.0	20.0
4442.0	6.0
4443.0	16.0
4444.0	8.0
4445.0	11.0
4446.0	12.0
4447.0	6.0
4448.0	6.0
4449.0	13.0
4450.0	4.0
4451.0	7.0
4452.0	12.0
4453.0	12.0
4454.0	13.0
4455.0	9.0
4456.0	8.0
4457.0	14.0
4458.0	9.0
4459.0	9.0
4460.0	6.0
4461.0	7.0
4462.0	8.0
4463.0	6.0
4464.0	15.0
4465.0	12.0
4466.0	9.0
4467.0	4.0
4468.0	10.0
4469.0	11.0
4470.0	12.0
4471.0	6.0
4472.0	9.0
4473.0	12.0
4474.0	11.0
4475.0	11.0
4476.0	14.0
4477.0	11.0
4478.0	6.0
4479.0	10.0
4480.0	6.0
4481.0	10.0
4482.0	10.0
4483.0	8.0
4484.0	10.0
4485.0	10.0
4486.0	3.0
4487.0	6.0
4488.0	9.0
4489.0	8.0
4490.0	7.0
4491.0	8.0
4492.0	16.0
4493.0	11.0
4494.0	12.0
4495.0	10.0
4496.0	14.0
4497.0	15.0
4498.0	9.0
4499.0	7.0
4500.0	14.0
4501.0	12.0
4502.0	8.0
4503.0	12.0
4504.0	7.0
4505.0	12.0
4506.0	11.0
4507.0	9.0
4508.0	7.0
4509.0	10.0
4510.0	12.0
4511.0	5.0
4512.0	5.0
4513.0	6.0
4514.0	13.0
4515.0	7.0
4516.0	8.0
4517.0	5.0
4518.0	9.0
4519.0	9.0
4520.0	11.0
4521.0	9.0
4522.0	5.0
4523.0	6.0
4524.0	12.0
4525.0	7.0
4526.0	9.0
4527.0	14.0
4528.0	7.0
4529.0	5.0
4530.0	2.0
4531.0	10.0
4532.0	9.0
4533.0	12.0
4534.0	13.0
4535.0	10.0
4536.0	9.0
4537.0	12.0
4538.0	11.0
4539.0	5.0
4540.0	8.0
4541.0	11.0
4542.0	10.0
4543.0	8.0
4544.0	13.0
4545.0	9.0
4546.0	7.0
4547.0	8.0
4548.0	7.0
4549.0	8.0
4550.0	13.0
4551.0	12.0
4552.0	9.0
4553.0	11.0
4554.0	7.0
4555.0	5.0
4556.0	9.0
4557.0	6.0
4558.0	11.0
4559.0	12.0
4560.0	8.0
4561.0	8.0
4562.0	7.0
4563.0	10.0
4564.0	6.0
4565.0	13.0
4566.0	8.0
4567.0	6.0
4568.0	7.0
4569.0	11.0
4570.0	9.0
4571.0	10.0
4572.0	6.0
4573.0	7.0
4574.0	10.0
4575.0	2.0
4576.0	11.0
4577.0	4.0
4578.0	11.0
4579.0	10.0
4580.0	10.0
4581.0	3.0
4582.0	10.0
4583.0	9.0
4584.0	3.0
4585.0	13.0
4586.0	10.0
4587.0	6.0
4588.0	8.0
4589.0	10.0
4590.0	7.0
4591.0	10.0
4592.0	9.0
4593.0	4.0
4594.0	8.0
4595.0	12.0
4596.0	7.0
4597.0	9.0
4598.0	9.0
4599.0	9.0
4600.0	13.0
4601.0	7.0
4602.0	11.0
4603.0	8.0
4604.0	5.0
4605.0	8.0
4606.0	8.0
4607.0	9.0
4608.0	5.0
4609.0	6.0
4610.0	3.0
4611.0	4.0
4612.0	4.0
4613.0	9.0
4614.0	8.0
4615.0	9.0
4616.0	7.0
4617.0	10.0
4618.0	7.0
4619.0	7.0
4620.0	7.0
4621.0	8.0
4622.0	7.0
4623.0	7.0
4624.0	7.0
4625.0	10.0
4626.0	8.0
4627.0	8.0
4628.0	5.0
4629.0	5.0
4630.0	3.0
4631.0	9.0
4632.0	7.0
4633.0	9.0
4634.0	8.0
4635.0	7.0
4636.0	3.0
4637.0	5.0
4638.0	5.0
4639.0	3.0
4640.0	6.0
4641.0	4.0
4642.0	9.0
4643.0	5.0
4644.0	12.0
4645.0	5.0
4646.0	4.0
4647.0	7.0
4648.0	9.0
4649.0	9.0
4650.0	8.0
4651.0	9.0
4652.0	5.0
4653.0	5.0
4654.0	6.0
4655.0	6.0
4656.0	7.0
4657.0	6.0
4658.0	2.0
4659.0	6.0
4660.0	3.0
4661.0	6.0
4662.0	7.0
4663.0	5.0
4664.0	6.0
4665.0	3.0
4666.0	4.0
4667.0	5.0
4668.0	7.0
4669.0	7.0
4670.0	6.0
4671.0	5.0
4672.0	10.0
4673.0	8.0
4674.0	4.0
4675.0	6.0
4676.0	5.0
4677.0	10.0
4678.0	5.0
4679.0	7.0
4680.0	8.0
4681.0	7.0
4682.0	2.0
4683.0	5.0
4684.0	8.0
4685.0	6.0
4686.0	2.0
4687.0	4.0
4688.0	10.0
4689.0	4.0
4690.0	2.0
4691.0	9.0
4692.0	5.0
4693.0	4.0
4694.0	4.0
4695.0	6.0
4696.0	3.0
4697.0	3.0
4698.0	4.0
4699.0	6.0
4700.0	7.0
4701.0	1.0
4702.0	7.0
4703.0	6.0
4704.0	10.0
4705.0	7.0
4706.0	6.0
4707.0	8.0
4708.0	5.0
4709.0	9.0
4710.0	7.0
4711.0	2.0
4712.0	7.0
4713.0	6.0
4714.0	4.0
4715.0	1.0
4716.0	4.0
4717.0	5.0
4718.0	7.0
4719.0	8.0
4720.0	11.0
4721.0	8.0
4722.0	8.0
4723.0	7.0
4724.0	7.0
4725.0	4.0
4726.0	7.0
4727.0	7.0
4728.0	4.0
4729.0	3.0
4730.0	6.0
4731.0	3.0
4732.0	4.0
4733.0	5.0
4734.0	4.0
4735.0	4.0
4736.0	4.0
4737.0	2.0
4738.0	3.0
4739.0	4.0
4740.0	5.0
4741.0	4.0
4742.0	6.0
4743.0	7.0
4744.0	5.0
4745.0	2.0
4746.0	10.0
4747.0	7.0
4748.0	6.0
4749.0	9.0
4750.0	8.0
4751.0	3.0
4752.0	16.0
4753.0	9.0
4754.0	6.0
4755.0	3.0
4756.0	4.0
4757.0	6.0
4758.0	4.0
4759.0	4.0
4760.0	6.0
4761.0	1.0
4762.0	9.0
4763.0	9.0
4764.0	9.0
4765.0	7.0
4766.0	8.0
4767.0	7.0
4768.0	5.0
4769.0	7.0
4770.0	3.0
4771.0	7.0
4772.0	5.0
4773.0	10.0
4774.0	5.0
4775.0	10.0
4776.0	8.0
4777.0	7.0
4778.0	4.0
4779.0	5.0
4780.0	6.0
4781.0	5.0
4782.0	9.0
4783.0	6.0
4784.0	5.0
4785.0	7.0
4786.0	3.0
4787.0	4.0
4788.0	5.0
4789.0	2.0
4790.0	9.0
4791.0	6.0
4792.0	4.0
4793.0	6.0
4794.0	7.0
4795.0	8.0
4796.0	3.0
4797.0	8.0
4798.0	5.0
4799.0	6.0
4800.0	5.0
4801.0	6.0
4802.0	6.0
4803.0	6.0
4804.0	8.0
4805.0	10.0
4806.0	5.0
4807.0	6.0
4808.0	4.0
4809.0	3.0
4810.0	6.0
4811.0	3.0
4812.0	5.0
4813.0	6.0
4814.0	9.0
4815.0	7.0
4816.0	6.0
4817.0	6.0
4818.0	3.0
4819.0	5.0
4820.0	6.0
4821.0	6.0
4822.0	6.0
4823.0	9.0
4824.0	7.0
4825.0	9.0
4826.0	9.0
4827.0	5.0
4828.0	9.0
4829.0	6.0
4830.0	7.0
4831.0	8.0
4832.0	9.0
4833.0	6.0
4834.0	7.0
4835.0	6.0
4836.0	6.0
4837.0	7.0
4838.0	8.0
4839.0	8.0
4840.0	6.0
4841.0	7.0
4842.0	7.0
4843.0	3.0
4844.0	4.0
4845.0	6.0
4846.0	11.0
4847.0	6.0
4848.0	1.0
4849.0	7.0
4850.0	4.0
4851.0	7.0
4852.0	3.0
4853.0	9.0
4854.0	6.0
4855.0	4.0
4856.0	4.0
4857.0	7.0
4858.0	8.0
4859.0	8.0
4860.0	6.0
4861.0	9.0
4862.0	10.0
4863.0	7.0
4864.0	3.0
4865.0	6.0
4866.0	6.0
4867.0	11.0
4868.0	7.0
4869.0	6.0
4870.0	3.0
4871.0	7.0
4872.0	7.0
4873.0	5.0
4874.0	11.0
4875.0	5.0
4876.0	7.0
4877.0	7.0
4878.0	10.0
4879.0	13.0
4880.0	9.0
4881.0	6.0
4882.0	4.0
4883.0	4.0
4884.0	9.0
4885.0	6.0
4886.0	7.0
4887.0	12.0
4888.0	3.0
4889.0	6.0
4890.0	12.0
4891.0	13.0
4892.0	8.0
4893.0	5.0
4894.0	3.0
4895.0	11.0
4896.0	6.0
4897.0	15.0
4898.0	15.0
4899.0	17.0
4900.0	8.0
4901.0	13.0
4902.0	8.0
4903.0	6.0
4904.0	8.0
4905.0	2.0
4906.0	6.0
4907.0	7.0
4908.0	6.0
4909.0	9.0
4910.0	5.0
4911.0	4.0
4912.0	8.0
4913.0	11.0
4914.0	9.0
4915.0	5.0
4916.0	8.0
4917.0	10.0
4918.0	3.0
4919.0	7.0
4920.0	9.0
4921.0	8.0
4922.0	8.0
4923.0	6.0
4924.0	9.0
4925.0	7.0
4926.0	6.0
4927.0	11.0
4928.0	7.0
4929.0	7.0
4930.0	14.0
4931.0	4.0
4932.0	6.0
4933.0	4.0
4934.0	9.0
4935.0	8.0
4936.0	7.0
4937.0	9.0
4938.0	7.0
4939.0	9.0
4940.0	4.0
4941.0	6.0
4942.0	7.0
4943.0	12.0
4944.0	3.0
4945.0	2.0
4946.0	5.0
4947.0	6.0
4948.0	8.0
4949.0	7.0
4950.0	6.0
4951.0	6.0
4952.0	7.0
4953.0	7.0
4954.0	4.0
4955.0	3.0
4956.0	9.0
4957.0	10.0
4958.0	10.0
4959.0	11.0
4960.0	6.0
4961.0	13.0
4962.0	6.0
4963.0	5.0
4964.0	4.0
4965.0	9.0
4966.0	11.0
4967.0	6.0
4968.0	7.0
4969.0	7.0
4970.0	9.0
4971.0	4.0
4972.0	6.0
4973.0	4.0
4974.0	6.0
4975.0	8.0
4976.0	6.0
4977.0	8.0
4978.0	9.0
4979.0	6.0
4980.0	7.0
4981.0	17.0
4982.0	8.0
4983.0	12.0
4984.0	8.0
4985.0	6.0
4986.0	6.0
4987.0	9.0
4988.0	9.0
4989.0	10.0
4990.0	15.0
4991.0	6.0
4992.0	6.0
4993.0	8.0
4994.0	12.0
4995.0	9.0
4996.0	4.0
4997.0	10.0
4998.0	6.0
4999.0	8.0
5000.0	3.0
5001.0	10.0
5002.0	8.0
5003.0	11.0
5004.0	6.0
5005.0	7.0
5006.0	14.0
5007.0	3.0
5008.0	9.0
5009.0	9.0
5010.0	4.0
5011.0	8.0
5012.0	14.0
5013.0	9.0
5014.0	10.0
5015.0	9.0
5016.0	6.0
5017.0	7.0
5018.0	5.0
5019.0	2.0
5020.0	8.0
5021.0	12.0
5022.0	5.0
5023.0	13.0
5024.0	6.0
5025.0	3.0
5026.0	4.0
5027.0	3.0
5028.0	4.0
5029.0	10.0
5030.0	4.0
5031.0	13.0
5032.0	5.0
5033.0	9.0
5034.0	6.0
5035.0	4.0
5036.0	7.0
5037.0	5.0
5038.0	4.0
5039.0	7.0
5040.0	6.0
5041.0	6.0
5042.0	5.0
5043.0	5.0
5044.0	7.0
5045.0	6.0
5046.0	4.0
5047.0	3.0
5048.0	6.0
5049.0	2.0
5050.0	10.0
5051.0	6.0
5052.0	4.0
5053.0	6.0
5054.0	12.0
5055.0	6.0
5056.0	7.0
5057.0	9.0
5058.0	7.0
5059.0	6.0
5060.0	9.0
5061.0	7.0
5062.0	7.0
5063.0	8.0
5064.0	5.0
5065.0	10.0
5066.0	3.0
5067.0	11.0
5068.0	3.0
5069.0	8.0
5070.0	4.0
5071.0	9.0
5072.0	3.0
5073.0	3.0
5074.0	5.0
5075.0	7.0
5076.0	12.0
5077.0	8.0
5078.0	7.0
5079.0	4.0
5080.0	9.0
5081.0	5.0
5082.0	6.0
5083.0	9.0
5084.0	6.0
5085.0	8.0
5086.0	10.0
5087.0	7.0
5088.0	9.0
5089.0	8.0
5090.0	3.0
5091.0	7.0
5092.0	3.0
5093.0	8.0
5094.0	3.0
5095.0	11.0
5096.0	5.0
5097.0	9.0
5098.0	8.0
5099.0	10.0
5100.0	6.0
5101.0	9.0
5102.0	11.0
5103.0	4.0
5104.0	10.0
5105.0	9.0
5106.0	4.0
5107.0	6.0
5108.0	1.0
5109.0	6.0
5110.0	8.0
5111.0	8.0
5112.0	7.0
5113.0	7.0
5114.0	5.0
5115.0	6.0
5116.0	6.0
5117.0	7.0
5118.0	7.0
5119.0	3.0
5120.0	4.0
5121.0	5.0
5122.0	3.0
5123.0	6.0
5124.0	9.0
5125.0	4.0
5126.0	7.0
5127.0	8.0
5128.0	6.0
5129.0	9.0
5130.0	6.0
5131.0	4.0
5132.0	5.0
5133.0	2.0
5134.0	1.0
5135.0	10.0
5136.0	3.0
5137.0	2.0
5138.0	6.0
5139.0	3.0
5140.0	7.0
5141.0	6.0
5142.0	3.0
5143.0	4.0
5144.0	2.0
5145.0	11.0
5146.0	5.0
5147.0	5.0
5148.0	3.0
5149.0	8.0
5150.0	2.0
5151.0	4.0
5152.0	8.0
5153.0	3.0
5154.0	3.0
5155.0	7.0
5156.0	5.0
5157.0	9.0
5158.0	4.0
5159.0	6.0
5160.0	3.0
5161.0	2.0
5162.0	4.0
5163.0	5.0
5164.0	6.0
5165.0	8.0
5166.0	7.0
5167.0	7.0
5168.0	5.0
5169.0	7.0
5170.0	1.0
5171.0	5.0
5172.0	2.0
5173.0	5.0
5174.0	6.0
5175.0	6.0
5176.0	2.0
5177.0	6.0
5178.0	4.0
5179.0	4.0
5181.0	1.0
5182.0	2.0
5183.0	5.0
5184.0	3.0
5185.0	2.0
5186.0	5.0
5187.0	5.0
5188.0	8.0
5189.0	3.0
5190.0	3.0
5191.0	2.0
5192.0	3.0
5193.0	8.0
5194.0	5.0
5195.0	6.0
5196.0	3.0
5197.0	4.0
5198.0	3.0
5199.0	2.0
5200.0	8.0
5201.0	2.0
5202.0	5.0
5203.0	5.0
5204.0	5.0
5205.0	3.0
5206.0	5.0
5207.0	6.0
5208.0	3.0
5209.0	5.0
5210.0	2.0
5211.0	4.0
5212.0	2.0
5213.0	1.0
5214.0	2.0
5215.0	6.0
5216.0	2.0
5217.0	1.0
5218.0	3.0
5219.0	3.0
5220.0	5.0
5221.0	3.0
5222.0	5.0
5223.0	1.0
5224.0	3.0
5225.0	1.0
5226.0	1.0
5227.0	6.0
5228.0	5.0
5229.0	2.0
5230.0	9.0
5231.0	1.0
5232.0	1.0
5233.0	5.0
5234.0	3.0
5235.0	2.0
5236.0	5.0
5237.0	3.0
5238.0	3.0
5239.0	5.0
5240.0	3.0
5241.0	1.0
5242.0	6.0
5243.0	1.0
5244.0	4.0
5245.0	4.0
5247.0	3.0
5248.0	1.0
5249.0	2.0
5250.0	2.0
5251.0	2.0
5252.0	7.0
5253.0	2.0
5254.0	5.0
5255.0	1.0
5256.0	3.0
5257.0	1.0
5258.0	4.0
5259.0	2.0
5260.0	4.0
5261.0	3.0
5262.0	5.0
5263.0	1.0
5264.0	2.0
5265.0	4.0
5266.0	3.0
5267.0	2.0
5268.0	7.0
5269.0	4.0
5270.0	4.0
5271.0	1.0
5272.0	4.0
5273.0	3.0
5274.0	3.0
5275.0	5.0
5276.0	2.0
5278.0	3.0
5279.0	3.0
5281.0	2.0
5282.0	1.0
5283.0	5.0
5284.0	1.0
5286.0	3.0
5287.0	2.0
5288.0	4.0
5289.0	2.0
5290.0	2.0
5291.0	1.0
5292.0	4.0
5293.0	2.0
5294.0	2.0
5295.0	4.0
5296.0	3.0
5297.0	3.0
5300.0	4.0
5301.0	2.0
5302.0	4.0
5303.0	1.0
5304.0	2.0
5305.0	5.0
5306.0	2.0
5307.0	1.0
5308.0	3.0
5309.0	1.0
5310.0	3.0
5311.0	3.0
5312.0	3.0
5313.0	3.0
5314.0	2.0
5315.0	2.0
5316.0	1.0
5317.0	4.0
5318.0	2.0
5319.0	2.0
5320.0	3.0
5321.0	1.0
5322.0	3.0
5323.0	7.0
5324.0	4.0
5325.0	1.0
5326.0	2.0
5327.0	1.0
5328.0	1.0
5329.0	1.0
5330.0	1.0
5331.0	3.0
5332.0	1.0
5334.0	3.0
5335.0	3.0
5336.0	1.0
5337.0	3.0
5338.0	3.0
5339.0	2.0
5340.0	4.0
5341.0	3.0
5342.0	1.0
5343.0	1.0
5344.0	2.0
5345.0	2.0
5346.0	3.0
5347.0	1.0
5348.0	1.0
5349.0	3.0
5350.0	1.0
5351.0	3.0
5354.0	4.0
5355.0	2.0
5356.0	1.0
5357.0	2.0
5358.0	3.0
5359.0	2.0
5361.0	1.0
5362.0	1.0
5363.0	2.0
5364.0	1.0
5365.0	1.0
5367.0	1.0
5368.0	3.0
5369.0	3.0
5370.0	1.0
5371.0	2.0
5372.0	2.0
5373.0	1.0
5375.0	2.0
5377.0	1.0
5378.0	1.0
5379.0	1.0
5380.0	1.0
5381.0	1.0
5384.0	2.0
5385.0	3.0
5387.0	1.0
5388.0	2.0
5391.0	1.0
5392.0	1.0
5393.0	2.0
5394.0	1.0
5395.0	1.0
5396.0	3.0
5398.0	5.0
5400.0	2.0
5402.0	1.0
5404.0	1.0
5405.0	2.0
5406.0	1.0
5407.0	2.0
5411.0	3.0
5413.0	1.0
5416.0	1.0
5418.0	1.0
5419.0	1.0
5430.0	1.0
5431.0	1.0
5434.0	1.0
5437.0	1.0
5438.0	1.0
5440.0	1.0
5441.0	1.0
5442.0	2.0
5446.0	1.0
5451.0	1.0
5453.0	3.0
5454.0	1.0
5455.0	1.0
5463.0	2.0
5466.0	2.0
5470.0	1.0
5483.0	1.0
5485.0	1.0
5487.0	1.0
5498.0	1.0
5501.0	1.0
5508.0	1.0
5511.0	1.0
5516.0	1.0
5531.0	1.0
5532.0	1.0
5558.0	1.0
5560.0	1.0
5564.0	1.0
5572.0	1.0
5596.0	1.0
5602.0	1.0
5604.0	1.0
5607.0	1.0
5609.0	1.0
5625.0	1.0
5630.0	1.0
5635.0	1.0
5646.0	1.0
5648.0	1.0
5649.0	1.0
5654.0	1.0
5656.0	1.0
5670.0	1.0
5680.0	1.0
5683.0	1.0
5684.0	1.0
5685.0	1.0
5687.0	2.0
5689.0	1.0
5692.0	1.0
5695.0	1.0
5706.0	1.0
5713.0	1.0
5715.0	1.0
5723.0	1.0
5726.0	1.0
5733.0	1.0
5749.0	1.0
5764.0	1.0
5769.0	1.0
5785.0	1.0
5800.0	1.0
