#Insert size (bp)	insert size
9.0	1.0
10.0	1.0
12.0	4.0
13.0	2.0
15.0	1.0
16.0	2.0
17.0	4.0
18.0	6.0
19.0	11.0
20.0	6.0
21.0	9.0
22.0	5.0
23.0	1.0
24.0	11.0
25.0	10.0
26.0	9.0
27.0	14.0
28.0	1.0
29.0	4.0
30.0	5.0
31.0	4.0
32.0	3.0
33.0	1.0
34.0	11.0
35.0	18.0
36.0	1.0
37.0	1.0
38.0	4.0
39.0	2.0
40.0	1.0
41.0	2.0
42.0	3.0
45.0	1.0
46.0	3.0
47.0	11.0
48.0	4.0
49.0	1.0
50.0	2.0
51.0	8.0
52.0	10.0
53.0	11.0
54.0	7.0
55.0	12.0
56.0	21.0
57.0	20.0
58.0	36.0
59.0	33.0
60.0	29.0
61.0	42.0
62.0	39.0
63.0	51.0
64.0	65.0
65.0	62.0
66.0	66.0
67.0	87.0
68.0	88.0
69.0	91.0
70.0	121.0
71.0	113.0
72.0	164.0
73.0	171.0
74.0	172.0
75.0	199.0
76.0	210.0
77.0	216.0
78.0	227.0
79.0	289.0
80.0	337.0
81.0	332.0
82.0	336.0
83.0	394.0
84.0	381.0
85.0	436.0
86.0	453.0
87.0	514.0
88.0	509.0
89.0	523.0
90.0	580.0
91.0	578.0
92.0	660.0
93.0	688.0
94.0	730.0
95.0	766.0
96.0	830.0
97.0	816.0
98.0	836.0
99.0	814.0
100.0	871.0
101.0	890.0
102.0	914.0
103.0	1035.0
104.0	961.0
105.0	1033.0
106.0	987.0
107.0	1131.0
108.0	1084.0
109.0	1168.0
110.0	1207.0
111.0	1243.0
112.0	1337.0
113.0	1228.0
114.0	1317.0
115.0	1318.0
116.0	1333.0
117.0	1345.0
118.0	1399.0
119.0	1438.0
120.0	1592.0
121.0	1514.0
122.0	1501.0
123.0	1493.0
124.0	1560.0
125.0	1596.0
126.0	1634.0
127.0	1679.0
128.0	1653.0
129.0	1641.0
130.0	1701.0
131.0	1711.0
132.0	1694.0
133.0	1832.0
134.0	1696.0
135.0	1758.0
136.0	1912.0
137.0	1789.0
138.0	1802.0
139.0	1859.0
140.0	1921.0
141.0	1829.0
142.0	1895.0
143.0	1924.0
144.0	1968.0
145.0	1823.0
146.0	1888.0
147.0	1891.0
148.0	1900.0
149.0	1980.0
150.0	1910.0
151.0	1963.0
152.0	1970.0
153.0	1904.0
154.0	2056.0
155.0	2072.0
156.0	2058.0
157.0	2000.0
158.0	1995.0
159.0	1966.0
160.0	2022.0
161.0	2024.0
162.0	2056.0
163.0	2097.0
164.0	2022.0
165.0	2073.0
166.0	1945.0
167.0	1934.0
168.0	2084.0
169.0	2129.0
170.0	2148.0
171.0	2046.0
172.0	1959.0
173.0	1985.0
174.0	2057.0
175.0	1928.0
176.0	1971.0
177.0	1912.0
178.0	1978.0
179.0	1925.0
180.0	2222.0
181.0	2050.0
182.0	2142.0
183.0	2132.0
184.0	2084.0
185.0	2168.0
186.0	2006.0
187.0	1982.0
188.0	1964.0
189.0	2045.0
190.0	2176.0
191.0	2084.0
192.0	2005.0
193.0	2018.0
194.0	2044.0
195.0	1966.0
196.0	2136.0
197.0	1979.0
198.0	2090.0
199.0	2155.0
200.0	1989.0
201.0	2091.0
202.0	1955.0
203.0	2108.0
204.0	2141.0
205.0	2003.0
206.0	2107.0
207.0	2124.0
208.0	1999.0
209.0	2027.0
210.0	1977.0
211.0	2044.0
212.0	2200.0
213.0	2061.0
214.0	2149.0
215.0	2066.0
216.0	1976.0
217.0	1998.0
218.0	2006.0
219.0	2123.0
220.0	2042.0
221.0	1970.0
222.0	2064.0
223.0	2071.0
224.0	1971.0
225.0	2036.0
226.0	1932.0
227.0	1962.0
228.0	1915.0
229.0	1887.0
230.0	1830.0
231.0	1984.0
232.0	1938.0
233.0	1977.0
234.0	1842.0
235.0	1980.0
236.0	1900.0
237.0	1805.0
238.0	1897.0
239.0	1820.0
240.0	1918.0
241.0	1813.0
242.0	1887.0
243.0	1841.0
244.0	1776.0
245.0	1751.0
246.0	1827.0
247.0	1833.0
248.0	1779.0
249.0	1841.0
250.0	1831.0
251.0	1762.0
252.0	1709.0
253.0	1778.0
254.0	1619.0
255.0	1770.0
256.0	1749.0
257.0	1721.0
258.0	1745.0
259.0	1819.0
260.0	1775.0
261.0	1701.0
262.0	1801.0
263.0	1595.0
264.0	1581.0
265.0	1586.0
266.0	1523.0
267.0	1672.0
268.0	1659.0
269.0	1581.0
270.0	1691.0
271.0	1613.0
272.0	1676.0
273.0	1730.0
274.0	1436.0
275.0	1574.0
276.0	1508.0
277.0	1509.0
278.0	1527.0
279.0	1514.0
280.0	1480.0
281.0	1601.0
282.0	1703.0
283.0	1459.0
284.0	1547.0
285.0	1384.0
286.0	1561.0
287.0	1528.0
288.0	1566.0
289.0	1368.0
290.0	1344.0
291.0	1469.0
292.0	1343.0
293.0	1386.0
294.0	1320.0
295.0	1298.0
296.0	1479.0
297.0	1453.0
298.0	1393.0
299.0	1338.0
300.0	1358.0
301.0	1350.0
302.0	1337.0
303.0	1281.0
304.0	1297.0
305.0	1435.0
306.0	1351.0
307.0	1382.0
308.0	1240.0
309.0	1288.0
310.0	1268.0
311.0	1294.0
312.0	1304.0
313.0	1274.0
314.0	1222.0
315.0	1220.0
316.0	1235.0
317.0	1193.0
318.0	1230.0
319.0	1137.0
320.0	1181.0
321.0	1166.0
322.0	1214.0
323.0	1126.0
324.0	1157.0
325.0	1133.0
326.0	1287.0
327.0	1173.0
328.0	1023.0
329.0	1159.0
330.0	1131.0
331.0	1057.0
332.0	1224.0
333.0	1094.0
334.0	1077.0
335.0	973.0
336.0	1106.0
337.0	1113.0
338.0	1159.0
339.0	1067.0
340.0	1070.0
341.0	1019.0
342.0	1073.0
343.0	1038.0
344.0	963.0
345.0	1046.0
346.0	958.0
347.0	960.0
348.0	946.0
349.0	959.0
350.0	942.0
351.0	935.0
352.0	909.0
353.0	920.0
354.0	959.0
355.0	919.0
356.0	901.0
357.0	943.0
358.0	976.0
359.0	741.0
360.0	830.0
361.0	851.0
362.0	880.0
363.0	820.0
364.0	784.0
365.0	921.0
366.0	866.0
367.0	838.0
368.0	820.0
369.0	797.0
370.0	854.0
371.0	771.0
372.0	773.0
373.0	787.0
374.0	858.0
375.0	779.0
376.0	709.0
377.0	737.0
378.0	794.0
379.0	709.0
380.0	756.0
381.0	788.0
382.0	705.0
383.0	714.0
384.0	754.0
385.0	651.0
386.0	660.0
387.0	653.0
388.0	639.0
389.0	733.0
390.0	658.0
391.0	703.0
392.0	656.0
393.0	694.0
394.0	671.0
395.0	645.0
396.0	680.0
397.0	684.0
398.0	624.0
399.0	712.0
400.0	602.0
401.0	630.0
402.0	629.0
403.0	592.0
404.0	590.0
405.0	635.0
406.0	611.0
407.0	554.0
408.0	573.0
409.0	591.0
410.0	534.0
411.0	514.0
412.0	617.0
413.0	578.0
414.0	492.0
415.0	545.0
416.0	567.0
417.0	532.0
418.0	457.0
419.0	533.0
420.0	510.0
421.0	487.0
422.0	535.0
423.0	492.0
424.0	558.0
425.0	457.0
426.0	499.0
427.0	467.0
428.0	488.0
429.0	418.0
430.0	454.0
431.0	493.0
432.0	472.0
433.0	442.0
434.0	354.0
435.0	420.0
436.0	538.0
437.0	423.0
438.0	410.0
439.0	471.0
440.0	382.0
441.0	358.0
442.0	374.0
443.0	348.0
444.0	406.0
445.0	376.0
446.0	335.0
447.0	379.0
448.0	355.0
449.0	391.0
450.0	367.0
451.0	333.0
452.0	396.0
453.0	337.0
454.0	312.0
455.0	383.0
456.0	274.0
457.0	334.0
458.0	351.0
459.0	279.0
460.0	354.0
461.0	333.0
462.0	311.0
463.0	344.0
464.0	283.0
465.0	273.0
466.0	299.0
467.0	309.0
468.0	239.0
469.0	284.0
470.0	341.0
471.0	265.0
472.0	304.0
473.0	323.0
474.0	289.0
475.0	257.0
476.0	305.0
477.0	279.0
478.0	277.0
479.0	264.0
480.0	263.0
481.0	262.0
482.0	268.0
483.0	266.0
484.0	241.0
485.0	237.0
486.0	243.0
487.0	273.0
488.0	249.0
489.0	213.0
490.0	222.0
491.0	214.0
492.0	186.0
493.0	196.0
494.0	170.0
495.0	196.0
496.0	195.0
497.0	223.0
498.0	215.0
499.0	207.0
500.0	176.0
501.0	182.0
502.0	207.0
503.0	169.0
504.0	203.0
505.0	203.0
506.0	204.0
507.0	146.0
508.0	188.0
509.0	179.0
510.0	152.0
511.0	162.0
512.0	180.0
513.0	169.0
514.0	146.0
515.0	170.0
516.0	111.0
517.0	146.0
518.0	177.0
519.0	166.0
520.0	163.0
521.0	150.0
522.0	148.0
523.0	141.0
524.0	139.0
525.0	145.0
526.0	128.0
527.0	124.0
528.0	110.0
529.0	128.0
530.0	110.0
531.0	118.0
532.0	109.0
533.0	100.0
534.0	140.0
535.0	129.0
536.0	132.0
537.0	118.0
538.0	115.0
539.0	98.0
540.0	113.0
541.0	115.0
542.0	98.0
543.0	88.0
544.0	106.0
545.0	97.0
546.0	92.0
547.0	89.0
548.0	91.0
549.0	93.0
550.0	71.0
551.0	76.0
552.0	93.0
553.0	109.0
554.0	88.0
555.0	91.0
556.0	78.0
557.0	81.0
558.0	78.0
559.0	75.0
560.0	87.0
561.0	66.0
562.0	93.0
563.0	75.0
564.0	88.0
565.0	76.0
566.0	59.0
567.0	62.0
568.0	59.0
569.0	74.0
570.0	71.0
571.0	44.0
572.0	61.0
573.0	48.0
574.0	59.0
575.0	58.0
576.0	50.0
577.0	41.0
578.0	55.0
579.0	54.0
580.0	70.0
581.0	61.0
582.0	58.0
583.0	52.0
584.0	55.0
585.0	52.0
586.0	37.0
587.0	41.0
588.0	51.0
589.0	37.0
590.0	61.0
591.0	41.0
592.0	35.0
593.0	39.0
594.0	36.0
595.0	32.0
596.0	38.0
597.0	38.0
598.0	51.0
599.0	35.0
600.0	37.0
601.0	29.0
602.0	39.0
603.0	24.0
604.0	24.0
605.0	30.0
606.0	16.0
607.0	48.0
608.0	33.0
609.0	31.0
610.0	26.0
611.0	21.0
612.0	32.0
613.0	24.0
614.0	28.0
615.0	29.0
616.0	29.0
617.0	27.0
618.0	13.0
619.0	17.0
620.0	23.0
621.0	20.0
622.0	24.0
623.0	21.0
624.0	20.0
625.0	23.0
626.0	26.0
