# Position (bp)	A	C	G	T	N
0.0	22.868717499200436	30.61451929417246	33.79066425020631	12.703197861511551	0.02290109490924454
1.0	26.328128316063886	27.947379279233925	24.634548166398666	21.085699676524907	0.0042445617786095804
2.0	25.9882801783434	26.428612312325946	22.177068386679114	25.399229862847694	0.0068092598038538435
3.0	26.954012784090907	24.369673295454543	24.81228298611111	23.863537720959595	4.932133838383839E-4
4.0	26.770580696046537	24.124322192645174	25.088731144631765	24.01607019619442	2.957704821058858E-4
5.0	27.092640992878316	24.233229465189066	25.583482502174732	23.080204399897937	0.010442639859950408
6.0	23.8996250417359	24.579021444618558	24.562868790215433	26.95799226445441	4.924589757050289E-4
7.0	24.35799994486735	25.753545226496755	25.451497048434035	24.43676087786936	1.9690233250503085E-4
8.0	23.412366862798933	26.00391083608637	24.318137757085314	26.264994080604165	5.904634252192833E-4
9.0	26.49295762177456	23.64796864501239	24.670606371539684	25.18827060597803	1.9675569533954623E-4
10.0	24.596662372528	26.096726292912702	26.347097522839245	22.959120455506497	3.9335621355308833E-4
11.0	23.913167441723278	25.909372449932654	25.29499670641904	24.88226677022603	1.966316989961952E-4
12.0	23.83779730166702	25.83899048890208	25.41891781652633	24.90419610730036	9.828560420583758E-5
13.0	24.250974874806328	25.470047346149578	25.03814513918432	25.24083263985978	0.0
14.0	24.438879231607793	25.176728244109874	24.796951572827357	25.58734274181668	9.820963829390217E-5
15.0	24.355876273279247	25.414055000559465	25.2680045464093	24.96196602756506	9.815218692887696E-5
16.0	24.419058681793476	25.369324257770575	25.467333271852873	24.74408757434067	1.9621424240699937E-4
17.0	24.572981899414167	25.060260103986682	25.083305058318444	25.283256811009803	1.96127270908638E-4
18.0	24.704782383282584	25.01448033957009	25.424536114603924	24.856005151178664	1.9601136473892757E-4
19.0	24.665058201555766	25.5151349513983	25.3909246127488	24.42858836125617	2.938730409688407E-4
20.0	24.648806475649245	25.13543972748538	24.987099812690257	25.228360241769582	2.937424055348902E-4
21.0	24.405455800091026	25.18947012964132	25.358018528578352	25.046566144479844	4.893972094571117E-4
22.0	24.26497927617288	25.569660630207864	25.663397298661856	24.501473563911187	4.892310462108077E-4
23.0	25.114784115873757	24.88570495151386	24.582287544236145	25.416636507511097	5.86880865140646E-4
24.0	24.322849644263826	25.26685102105473	25.112744311937014	25.29687053863033	6.844841141015462E-4
25.0	24.479823424416775	25.300336846468003	25.356836341100546	24.86153713815397	0.0014662498607062632
26.0	24.774662519069274	25.194992782750532	24.726091456281647	25.302200943470904	0.002052298427646219
27.0	24.477628856108318	25.265704353467395	25.245186642774932	25.009428376580107	0.0020517710692462966
28.0	24.38192435203401	25.169427453401344	25.366547430895675	25.079854103866012	0.002246659802958167
29.0	24.59204192429056	25.091680087036266	25.044411738566968	25.26981535068915	0.0020508994170562564
30.0	24.527518720035	25.200336359987226	25.02649176728655	25.243602177159357	0.002050975531861905
31.0	24.582391585905924	24.958927765611843	25.467031840016563	24.990281361898642	0.0013674465670253935
32.0	24.517809733864965	25.157897410150365	24.854898482661078	25.467636159044154	0.001758214279434949
33.0	24.458837882373853	25.19494143698432	25.1014633183853	25.243487544553506	0.0012698177030169891
34.0	24.431149422480523	25.166076530487658	25.539107714097337	24.861712778686723	0.0019535542477595175
35.0	25.086543383045314	25.096506616759328	24.664668810389895	25.150132257043616	0.0021489327618474567
36.0	24.444826454546874	25.347227648502084	24.969916704433576	25.23656409695416	0.001465095563299942
37.0	24.59955462660911	25.142597620768463	25.532006328990292	24.723985701170083	0.001855722462055359
38.0	24.654724663612313	25.122058652613116	24.99733858909085	25.22382709912071	0.0020509955630129318
39.0	24.346679558739506	25.38058473363708	25.238088261865343	25.03308477026229	0.0015626754957832178
40.0	24.31161479727869	25.33288798517069	25.145568297461317	25.206901333895875	0.0030275861934256454
41.0	24.848892660807607	24.37913903242472	25.443848815507923	25.326166253719695	0.0019532375400535774
42.0	24.400343372452664	25.28475205598651	25.352039774952367	24.95778647819595	0.005078318412517664
43.0	24.474164786765495	25.12299924803953	25.765290676666762	24.631490541899822	0.0060547466283850425
44.0	24.764694967724292	25.193312434691745	24.700631842107835	25.33716149571773	0.004199259758396078
45.0	24.836037077690495	25.235544114717406	25.153611481115455	24.766604297605888	0.008203028870755422
46.0	24.360118669789006	25.093015943079127	25.308148880195464	25.233150198531668	0.0055663084047350726
47.0	24.985718177903166	25.109249835698012	24.730159009168688	25.166572431054195	0.008300546175938376
48.0	24.496430311736177	25.554690788143812	25.12960932151998	24.809601978049663	0.009667600550369665
49.0	24.484383315512197	25.46762168417044	25.205528945916516	24.830845698271105	0.011620356129737858
50.0	24.966481357971286	24.681048027600024	25.059347282426664	25.282967647308695	0.0101556846933325
51.0	24.371620559303846	25.29865051859187	25.397671731982584	24.92414721153724	0.007909978584465389
52.0	24.70019765470582	24.84150514449106	25.37187209474926	25.075487691502413	0.010937414551448817
53.0	24.66832621563264	25.089333410158275	25.06550465686107	25.165311975999366	0.011523741348648841
54.0	24.477295344610546	25.26131570492005	25.360734330579625	24.890595564444855	0.01005905544492765
55.0	24.380727471254602	25.169278730504747	25.503392411195204	24.93996013294228	0.006641254103171883
56.0	24.573178831232763	25.14445503629445	24.90809182613044	25.36480024378619	0.00947406255616068
57.0	24.366813506676174	25.267486496254115	25.169907891266764	25.1869035642075	0.008888541595444378
58.0	24.25114487113362	25.25700989356215	25.263359434832218	25.218521904940527	0.009963895531485911
59.0	24.980168809347035	24.82884607869954	25.029307178304872	25.151615802430545	0.01006213121800633
60.0	24.28758729302711	24.963461004880987	25.361872828665334	25.376625203700016	0.010453669726563263
61.0	24.515110950431392	24.994479348856295	25.35444534555368	25.122089444319588	0.013874910839041264
62.0	24.70181350163056	24.88798155714675	24.974762257040915	25.420099700078865	0.0153429841029094
63.0	24.52918896464091	25.16491948293136	25.35503262224177	24.93326491215209	0.017594018033868484
64.0	24.62171687792383	25.021777493168564	25.45380776168432	24.88324232899413	0.019455538229154957
65.0	24.731801047274008	25.057521842654655	24.71322195657382	25.472226704020418	0.02522844947709638
66.0	24.285863785247138	25.175483809130732	25.110346722949284	25.403072397034993	0.02523328563785932
67.0	24.56829591832742	24.881533278290167	25.250531192649785	25.268237614309136	0.031401996423498474
68.0	24.750460135755947	24.911519881485074	25.125222484566738	25.179626627109506	0.0331708710827305
69.0	24.52622069801151	25.332303708118868	25.114144525320263	24.995718051033002	0.03161301751635215
70.0	24.614934274741078	25.152014442228637	25.44874976626342	24.752092370739998	0.032209146026869674
71.0	24.75846238515579	24.90525536494556	24.840721293110033	25.460502993636684	0.03505796315192633
72.0	24.31403282767674	25.125859020263817	25.289752494403817	25.237145922011	0.03320973564462644
73.0	24.635898662176874	24.817594074416718	25.413445264502066	25.102191419154853	0.030870579749487693
74.0	24.872326553821868	24.864189179252634	25.04860365593612	25.180272258905767	0.03460835208360907
75.0	24.577157272777207	24.934577569228114	25.147224990387706	25.307593317692106	0.03344684991486256
76.0	24.443053215488828	24.941933090827735	25.17371009034593	25.408823422626025	0.03248018071148278
77.0	24.973492405083174	24.65363409308682	24.982819151442797	25.358245236487015	0.03180911390019007
78.0	24.60215953697264	25.072200676623485	25.164342492504883	25.127996573660404	0.0333007202385864
79.0	24.497984861889314	25.012680625184313	25.085717094269143	25.367934729185098	0.035682689472132115
80.0	24.709677228955844	24.835200941231097	25.049260187242815	25.372414885380913	0.03344675718933127
81.0	24.795383352267468	25.267522607752298	24.927692601510927	24.977702347504728	0.03169909096457774
82.0	24.397834578762517	25.372274135629453	24.936037318542528	25.264003073755354	0.029850893310148813
83.0	24.98789661391135	24.78033956530356	24.839993728917676	25.367021009111806	0.02474908275560823
84.0	24.641209711961125	24.899483452518883	25.184502391277313	25.25842177671016	0.016382667532513676
85.0	24.562966768087882	25.091575453431858	25.1862133006678	25.146303394317776	0.012941083494685264
86.0	24.877833656012008	24.606803345311008	24.960497406375392	25.546856305484088	0.00800928681750494
87.0	24.59796873623562	25.28370089487651	25.025759496865803	25.085741264783874	0.006829607238195915
88.0	24.648763053410608	25.17679512573584	25.028561689781903	25.139538593704636	0.0063415373670135024
89.0	24.554817691024134	25.19072155743869	24.90153906592567	25.34687018235858	0.006051503252931011
90.0	24.83391674381459	25.02304504511664	24.834214740087653	25.303658202248087	0.005165268733039045
91.0	24.564764391396245	24.916175556384434	25.267188859878154	25.246897923660327	0.004973268680840482
92.0	24.755480036015648	24.702691612019027	24.975996207201536	25.561051306364092	0.004780838399694026
93.0	24.711801548296744	24.829205572751096	25.14421144295232	25.309893757836495	0.004887678163350194
94.0	24.626776949336776	25.000324693813734	25.22591196501699	25.14199110239045	0.004995289442056141
95.0	24.682819727121892	24.920892568004373	24.83392943276819	25.55805514803747	0.004303124068073421
96.0	24.910005683851548	24.794524255610924	24.888653648942473	25.401703952532323	0.005112459062735887
97.0	24.714539482470702	25.10375589824541	24.80019521071008	25.37628772291326	0.005221685660548257
98.0	24.798552191329645	24.865449965494832	24.755194385818076	25.575572353212202	0.005231104145247642
99.0	24.68574296480462	24.995540487835356	24.810206185670907	25.5038744846366	0.00463587705250937
100.0	24.68835232924131	24.91353638944119	25.029258780916102	25.36410646863933	0.004746031762060222
101.0	24.688104201677273	24.992437203495378	24.95692494164759	25.358486671772607	0.00404698140715567
102.0	24.777548999033858	24.820026824899102	25.168872168102702	25.22929408747188	0.004257920492458918
103.0	24.859367205763277	24.879279813796796	25.27438253135982	24.984227385728552	0.002743063351556079
104.0	24.83504936300544	25.03176827082858	24.52795607832915	25.602273467791857	0.002952820044964322
105.0	24.8736403518171	24.693935655309858	25.21529357379679	25.213660822437266	0.0034695966389813263
106.0	25.03346925584216	24.714475798327406	25.10536806976742	25.14505048769487	0.0016363883681423822
107.0	24.783882648688326	24.884662229494484	24.822328572190166	25.50646096559756	0.0026655840294608547
108.0	24.736849678012124	24.862438310493744	24.806940878791554	25.591921218312507	0.0018499143900729484
109.0	24.777944019223554	24.971457305487206	25.047811589364393	25.201344494866433	0.001442591058408451
110.0	24.98762825036082	24.84040701248333	24.910246701469426	25.260684904192548	0.0010331314938771463
111.0	24.8762527531043	24.81419783398289	24.900908964708464	25.407708070454603	9.323777497373802E-4
112.0	24.964677966946887	24.790872786659076	24.973924028540203	25.26959022286125	9.34994992582373E-4
113.0	24.911219611793495	25.11466707224208	24.51745033350591	25.455829608324578	8.333741339419743E-4
114.0	24.753854126182148	25.248757778251402	24.588468337449694	25.408501853407383	4.1790470936816987E-4
115.0	25.05351972763881	24.87894534438622	24.886070829416937	25.180835379290617	6.287192674163096E-4
116.0	25.15539570462519	24.68579272304565	24.58342179554823	25.574759155050963	6.306217299635711E-4
117.0	25.033814662965593	24.950846183608085	24.633099046653165	25.38118586942427	0.001054237348888254
118.0	24.868361078238834	24.692701508811005	25.16447594542603	25.273086648497905	0.0013748190262262592
119.0	24.90382350632017	24.818415809229975	25.00493348809279	25.271554038139577	0.0012731582174936183
120.0	24.87964057193352	24.823107306738212	24.74272573381456	25.553035868280688	0.001490519233021389
121.0	24.767622598375148	24.975082391022184	24.90158479197936	25.354535111661868	0.0011751069614404674
122.0	24.98488616387257	24.72398490760194	24.788620674870298	25.501329160056596	0.001179093598593663
123.0	24.84039160129042	24.857065098712482	24.821243971992825	25.48000847659095	0.001290851413320941
124.0	25.02550571489955	24.630153638869306	25.098055303947152	25.245097774606133	0.0011875676778625509
125.0	25.108571837327037	24.857233588501085	24.678403010423114	25.35449097772638	0.0013005860223852532
126.0	24.82513297293533	25.044070408189917	24.59150540161744	25.538747138143865	5.440791134557293E-4
127.0	24.719845033907024	25.046514956347504	24.926335386218902	25.30675835275326	5.462707733118322E-4
128.0	24.886534888465274	24.898819173136026	24.865585795857125	25.348840780315314	2.1936222626336188E-4
129.0	24.679398570111566	25.169208604884002	24.64349165053976	25.507460598764403	4.405757002675396E-4
130.0	24.905764721497146	25.097553422112107	24.724925894792726	25.271534752024067	2.212095739503606E-4
131.0	24.76670654399113	25.01163551458966	24.72183066910596	25.499716193415022	1.1107889823062423E-4
132.0	24.71109068148905	25.10147249476181	24.757949887426335	25.42926379724691	2.231390758918311E-4
133.0	24.818367470460196	24.830920906627092	25.08793009529403	25.2625573591157	2.2416850298032028E-4
134.0	24.749075392782153	24.849951869761263	24.900277522897046	25.500582629205766	1.1258535377132789E-4
135.0	24.923318434338864	24.89832341072366	24.913818063372	25.26454009156548	0.0
136.0	25.02366931831227	24.960248047636423	24.759982314785454	25.25587300288351	2.2731638235070142E-4
137.0	24.557767432087854	24.773702306769117	25.30526065771639	25.36315541258863	1.1419083801230292E-4
138.0	24.573750854793037	25.33732772191345	25.02145587891082	25.06746554438269	0.0
139.0	24.36402884168553	25.279370676543472	24.95557628598148	25.400793573004222	2.306227853005649E-4
140.0	24.236625960338277	25.204816149328906	24.59682887000824	25.961613124922494	1.1589540208171322E-4
141.0	25.155837726068093	24.559979031365582	24.12499635961208	26.158487928473654	6.989544805894516E-4
142.0	25.427498843331442	24.230537221301443	24.825914060990108	25.515229957422886	8.199169541256464E-4
143.0	24.840482129874353	24.747746718026608	24.511135908636177	25.898867732436536	0.0017675110263229525
144.0	24.79287258608455	24.724759646762024	24.114947111607915	26.36433540045424	0.0030852550912642187
145.0	23.20987624752411	25.266389958014692	23.953181470898887	27.564205428630963	0.006346894931345758
146.0	23.728790859858965	24.67528830794405	24.87228250282464	26.721933806054466	0.0017045233178789886
147.0	23.76921253807209	24.19027472416645	24.88452306513101	27.153342275652015	0.002647396978437582
148.0	22.27866521859952	25.12253306144038	26.533995792729502	26.06091279243819	0.003893134792408656
149.0	16.589745251831207	27.983405717248978	28.212711479872947	27.206521034549812	0.007616516497050625
150.0	10.201049893009436	32.28882833787466	29.89039240136086	27.603821897915093	0.01590746983995033
