#Coverage	Number of genomic locations
160.0	2.0
161.0	1.0
179.0	1.0
212.0	1.0
226.0	1.0
270.0	2.0
275.0	1.0
327.0	17.0
328.0	18.0
330.0	1.0
334.0	1.0
354.0	3.0
375.0	1.0
398.0	1.0
402.0	1.0
403.0	1.0
410.0	2.0
411.0	1.0
416.0	1.0
424.0	2.0
437.0	1.0
441.0	1.0
442.0	1.0
443.0	1.0
456.0	1.0
459.0	1.0
461.0	1.0
464.0	1.0
469.0	1.0
471.0	4.0
472.0	1.0
473.0	2.0
476.0	1.0
478.0	2.0
480.0	2.0
481.0	7.0
483.0	2.0
484.0	1.0
485.0	7.0
486.0	1.0
487.0	3.0
502.0	1.0
510.0	68.0
511.0	33.0
522.0	1.0
524.0	1.0
536.0	1.0
537.0	27.0
538.0	8.0
539.0	27.0
540.0	27.0
542.0	1.0
556.0	1.0
557.0	3.0
559.0	4.0
571.0	1.0
574.0	1.0
576.0	1.0
578.0	1.0
581.0	1.0
587.0	1.0
590.0	1.0
597.0	1.0
598.0	13.0
599.0	28.0
600.0	1.0
606.0	1.0
610.0	1.0
613.0	2.0
614.0	6.0
616.0	2.0
617.0	1.0
618.0	2.0
640.0	1.0
641.0	6.0
643.0	19.0
644.0	1.0
647.0	1.0
648.0	9.0
650.0	45.0
651.0	17.0
653.0	21.0
746.0	1.0
809.0	1.0
811.0	100.0
833.0	1.0
835.0	33.0
836.0	34.0
929.0	2.0
930.0	49.0
931.0	47.0
932.0	15.0
934.0	79.0
949.0	24.0
950.0	49.0
1015.0	8.0
1016.0	28.0
1032.0	1.0
1033.0	2.0
1036.0	1.0
1037.0	3.0
1038.0	56.0
1039.0	29.0
1041.0	1.0
1042.0	1.0
1049.0	34.0
1058.0	2.0
1079.0	1.0
1080.0	13.0
1081.0	20.0
1082.0	31.0
1084.0	2.0
1085.0	47.0
1086.0	19.0
1088.0	9.0
1095.0	1.0
1163.0	1.0
1165.0	13.0
1166.0	6.0
1167.0	57.0
1168.0	13.0
1176.0	1.0
1177.0	1.0
1178.0	14.0
1180.0	2.0
1229.0	1.0
1234.0	6.0
1239.0	17.0
1240.0	61.0
1241.0	12.0
1272.0	1.0
1276.0	1.0
1280.0	1.0
1285.0	1.0
1290.0	4.0
1291.0	22.0
1292.0	26.0
1293.0	6.0
1294.0	9.0
1295.0	17.0
1296.0	7.0
1297.0	1.0
1298.0	6.0
1299.0	2.0
1301.0	1.0
1303.0	1.0
1305.0	55.0
1306.0	43.0
1317.0	2.0
1319.0	83.0
1320.0	2.0
1321.0	87.0
1322.0	6.0
1329.0	1.0
1358.0	1.0
1394.0	1.0
1396.0	1.0
1397.0	3.0
1458.0	2.0
1459.0	43.0
1460.0	45.0
1461.0	8.0
1462.0	7.0
1487.0	1.0
1489.0	1.0
1490.0	1.0
1491.0	25.0
1492.0	56.0
1495.0	1.0
1496.0	2.0
1497.0	15.0
1498.0	1.0
1499.0	11.0
1500.0	22.0
1501.0	49.0
1504.0	3.0
1510.0	1.0
1512.0	4.0
1518.0	2.0
1519.0	5.0
1520.0	3.0
1523.0	1.0
1526.0	2.0
1529.0	1.0
1531.0	2.0
1532.0	28.0
1533.0	27.0
1534.0	18.0
1536.0	1.0
1539.0	1.0
1541.0	2.0
1542.0	1.0
1543.0	1.0
1548.0	1.0
1563.0	1.0
1564.0	2.0
1565.0	49.0
1566.0	19.0
1581.0	1.0
1584.0	5.0
1594.0	10.0
1595.0	19.0
1599.0	8.0
1616.0	1.0
1617.0	53.0
1618.0	13.0
1619.0	23.0
1620.0	40.0
1621.0	6.0
1631.0	1.0
1682.0	37.0
1684.0	26.0
1685.0	1.0
1686.0	22.0
1687.0	31.0
1691.0	1.0
1692.0	49.0
1693.0	47.0
1694.0	3.0
1695.0	21.0
1696.0	20.0
1697.0	3.0
1698.0	32.0
1699.0	7.0
1778.0	7.0
1779.0	1.0
1780.0	8.0
1781.0	1.0
1784.0	1.0
1786.0	12.0
1787.0	50.0
1788.0	1.0
1789.0	3.0
1814.0	5.0
1815.0	13.0
1816.0	50.0
1817.0	61.0
1818.0	1.0
1819.0	27.0
1820.0	4.0
1824.0	1.0
1826.0	1.0
1827.0	10.0
1828.0	22.0
1829.0	4.0
1830.0	49.0
1850.0	1.0
1852.0	16.0
1853.0	35.0
1902.0	1.0
1904.0	9.0
1906.0	2.0
1907.0	23.0
1908.0	1.0
1909.0	1.0
1920.0	8.0
1921.0	82.0
1922.0	13.0
1927.0	2.0
1928.0	52.0
1929.0	16.0
1952.0	1.0
1956.0	8.0
1958.0	47.0
1959.0	45.0
1960.0	86.0
1961.0	13.0
1978.0	46.0
1979.0	3.0
1980.0	1.0
1999.0	1.0
2044.0	1.0
2045.0	1.0
2046.0	2.0
2047.0	33.0
2048.0	1.0
2049.0	23.0
2050.0	16.0
2051.0	10.0
2052.0	8.0
2056.0	1.0
2058.0	1.0
2060.0	1.0
2061.0	7.0
2062.0	28.0
2063.0	6.0
2065.0	1.0
2080.0	2.0
2082.0	2.0
2083.0	7.0
2085.0	1.0
2087.0	25.0
2088.0	9.0
2089.0	9.0
2090.0	36.0
2091.0	20.0
2092.0	5.0
2125.0	17.0
2126.0	27.0
2134.0	2.0
2136.0	86.0
2143.0	6.0
2144.0	1.0
2145.0	25.0
2151.0	1.0
2154.0	4.0
2155.0	3.0
2156.0	15.0
2157.0	36.0
2158.0	42.0
2181.0	2.0
2183.0	33.0
2184.0	2.0
2185.0	31.0
2214.0	16.0
2215.0	42.0
2216.0	36.0
2218.0	8.0
2219.0	4.0
2220.0	32.0
2241.0	1.0
2242.0	1.0
2243.0	66.0
2244.0	1.0
2270.0	2.0
2315.0	1.0
2316.0	12.0
2317.0	54.0
2318.0	23.0
2360.0	1.0
2361.0	46.0
2362.0	22.0
2363.0	17.0
2365.0	8.0
2367.0	16.0
2369.0	8.0
2370.0	1.0
2371.0	12.0
2372.0	60.0
2389.0	1.0
2391.0	1.0
2394.0	5.0
2395.0	5.0
2396.0	29.0
2397.0	19.0
2398.0	25.0
2400.0	1.0
2401.0	2.0
2402.0	22.0
2403.0	26.0
2406.0	4.0
2407.0	9.0
2408.0	21.0
2409.0	14.0
2410.0	3.0
2455.0	1.0
2457.0	1.0
2459.0	45.0
2460.0	40.0
2461.0	1.0
2465.0	1.0
2467.0	6.0
2468.0	3.0
2469.0	5.0
2470.0	33.0
2471.0	17.0
2472.0	15.0
2473.0	6.0
2474.0	1.0
2475.0	21.0
2476.0	22.0
2477.0	33.0
2478.0	26.0
2479.0	7.0
2480.0	6.0
2481.0	52.0
2499.0	15.0
2501.0	17.0
2502.0	5.0
2503.0	28.0
2504.0	42.0
2506.0	67.0
2507.0	4.0
2516.0	1.0
2519.0	7.0
2520.0	4.0
2521.0	2.0
2523.0	1.0
2524.0	1.0
2525.0	4.0
2526.0	9.0
2527.0	14.0
2528.0	18.0
2529.0	11.0
2530.0	21.0
2531.0	20.0
2541.0	1.0
2542.0	7.0
2543.0	9.0
2544.0	2.0
2545.0	41.0
2547.0	15.0
2548.0	38.0
2549.0	4.0
2550.0	1.0
2552.0	1.0
2553.0	28.0
2554.0	3.0
2555.0	11.0
2556.0	5.0
2571.0	1.0
2582.0	5.0
2583.0	7.0
2584.0	49.0
2585.0	44.0
2586.0	14.0
2590.0	3.0
2591.0	9.0
2592.0	1.0
2593.0	4.0
2595.0	16.0
2596.0	37.0
2597.0	19.0
2598.0	18.0
2599.0	8.0
2653.0	1.0
2688.0	1.0
2690.0	3.0
2692.0	3.0
2693.0	1.0
2694.0	4.0
2695.0	1.0
2696.0	1.0
2707.0	1.0
2708.0	45.0
2709.0	14.0
2710.0	6.0
2711.0	14.0
2718.0	1.0
2767.0	1.0
2769.0	1.0
2770.0	27.0
2771.0	50.0
2772.0	8.0
2789.0	1.0
2790.0	1.0
2791.0	2.0
2792.0	11.0
2793.0	2.0
2795.0	18.0
2796.0	35.0
2797.0	7.0
2808.0	1.0
2854.0	3.0
2856.0	28.0
2857.0	43.0
2877.0	1.0
2878.0	28.0
2879.0	26.0
2880.0	14.0
2908.0	1.0
2910.0	7.0
2911.0	1.0
2912.0	54.0
2913.0	25.0
2914.0	8.0
2915.0	6.0
2916.0	9.0
2924.0	1.0
2925.0	10.0
2926.0	42.0
2927.0	1.0
2935.0	3.0
2937.0	9.0
2938.0	9.0
2940.0	44.0
2941.0	27.0
2942.0	3.0
2944.0	2.0
2945.0	16.0
2946.0	44.0
2947.0	40.0
2965.0	8.0
2966.0	13.0
2968.0	14.0
2969.0	1.0
2970.0	1.0
2971.0	14.0
2972.0	34.0
2973.0	17.0
2975.0	8.0
3004.0	1.0
3025.0	11.0
3026.0	11.0
3027.0	1.0
3028.0	22.0
3029.0	40.0
3030.0	2.0
3049.0	1.0
3053.0	1.0
3056.0	2.0
3057.0	17.0
3058.0	3.0
3059.0	12.0
3060.0	12.0
3061.0	5.0
3065.0	1.0
3067.0	2.0
3069.0	2.0
3075.0	2.0
3076.0	5.0
3077.0	3.0
3078.0	10.0
3079.0	4.0
3080.0	7.0
3081.0	2.0
3082.0	5.0
3083.0	6.0
3084.0	2.0
3085.0	3.0
3087.0	1.0
3129.0	1.0
3138.0	3.0
3139.0	3.0
3159.0	1.0
3160.0	1.0
3161.0	3.0
3164.0	6.0
3173.0	1.0
3181.0	22.0
3182.0	53.0
3183.0	107.0
3184.0	11.0
3185.0	6.0
3220.0	2.0
3240.0	17.0
3241.0	10.0
3242.0	6.0
3243.0	60.0
3244.0	6.0
3245.0	10.0
3246.0	1.0
3249.0	3.0
3250.0	2.0
3251.0	2.0
3252.0	4.0
3256.0	2.0
3265.0	2.0
3266.0	26.0
3267.0	3.0
3268.0	1.0
3285.0	1.0
3286.0	6.0
3287.0	31.0
3288.0	43.0
3325.0	1.0
3327.0	1.0
3329.0	26.0
3330.0	12.0
3375.0	1.0
3378.0	25.0
3380.0	2.0
3385.0	1.0
3387.0	37.0
3388.0	3.0
3389.0	4.0
3390.0	2.0
3391.0	2.0
3392.0	11.0
3393.0	12.0
3395.0	3.0
3399.0	1.0
3411.0	1.0
3413.0	3.0
3416.0	1.0
3417.0	1.0
3427.0	4.0
3428.0	6.0
3429.0	8.0
3430.0	4.0
3445.0	37.0
3446.0	11.0
3447.0	50.0
3448.0	3.0
3452.0	1.0
3485.0	2.0
3486.0	24.0
3487.0	41.0
3488.0	29.0
3498.0	1.0
3611.0	18.0
3612.0	6.0
3613.0	30.0
3614.0	32.0
3618.0	1.0
3623.0	3.0
3645.0	2.0
3646.0	20.0
3647.0	28.0
3648.0	17.0
3649.0	21.0
3651.0	1.0
3657.0	2.0
3659.0	31.0
3660.0	12.0
3661.0	46.0
3663.0	1.0
3664.0	3.0
3665.0	3.0
3666.0	4.0
3667.0	16.0
3698.0	5.0
3699.0	37.0
3700.0	11.0
3701.0	24.0
3702.0	7.0
3708.0	1.0
3709.0	6.0
3710.0	63.0
3711.0	13.0
3773.0	37.0
3774.0	20.0
3775.0	32.0
3776.0	17.0
3820.0	1.0
3822.0	1.0
3825.0	2.0
3826.0	7.0
3827.0	81.0
3828.0	32.0
3829.0	9.0
3830.0	37.0
3831.0	8.0
3832.0	1.0
3833.0	16.0
3834.0	7.0
3835.0	22.0
3836.0	14.0
3837.0	21.0
3838.0	13.0
3857.0	1.0
3860.0	2.0
3861.0	1.0
3868.0	1.0
3877.0	3.0
3881.0	9.0
3882.0	5.0
3883.0	56.0
3884.0	1.0
3891.0	4.0
3892.0	3.0
3893.0	6.0
3906.0	15.0
3907.0	20.0
3908.0	31.0
3909.0	8.0
3910.0	30.0
3911.0	45.0
3912.0	26.0
3913.0	11.0
3917.0	1.0
3969.0	9.0
3971.0	1.0
3973.0	24.0
3974.0	2.0
3975.0	16.0
3976.0	19.0
3977.0	15.0
3978.0	24.0
3994.0	1.0
3996.0	1.0
4003.0	1.0
4005.0	1.0
4011.0	2.0
4012.0	8.0
4013.0	11.0
4014.0	6.0
4016.0	2.0
4017.0	9.0
4018.0	7.0
4023.0	1.0
4024.0	4.0
4025.0	5.0
4028.0	1.0
4029.0	1.0
4030.0	1.0
4031.0	5.0
4032.0	3.0
4033.0	2.0
4034.0	1.0
4035.0	1.0
4037.0	3.0
4038.0	7.0
4039.0	7.0
4041.0	1.0
4042.0	1.0
4044.0	2.0
4045.0	1.0
4046.0	1.0
4047.0	3.0
4048.0	2.0
4049.0	2.0
4050.0	6.0
4051.0	4.0
4052.0	12.0
4053.0	14.0
4054.0	25.0
4055.0	2.0
4066.0	1.0
4067.0	7.0
4068.0	15.0
4069.0	2.0
4115.0	1.0
4118.0	1.0
4149.0	1.0
4150.0	1.0
4151.0	20.0
4152.0	6.0
4153.0	51.0
4154.0	20.0
4155.0	9.0
4200.0	6.0
4201.0	8.0
4202.0	31.0
4203.0	5.0
4204.0	15.0
4205.0	4.0
4206.0	18.0
4207.0	5.0
4208.0	5.0
4209.0	13.0
4221.0	2.0
4222.0	1.0
4223.0	5.0
4224.0	1.0
4226.0	1.0
4318.0	13.0
4319.0	40.0
4320.0	33.0
4321.0	8.0
4322.0	1.0
4350.0	1.0
4352.0	1.0
4354.0	14.0
4355.0	9.0
4356.0	2.0
4357.0	20.0
4358.0	29.0
4359.0	17.0
4360.0	9.0
4376.0	1.0
4385.0	17.0
4387.0	8.0
4388.0	13.0
4389.0	23.0
4390.0	9.0
4391.0	2.0
4392.0	10.0
4393.0	14.0
4394.0	25.0
4395.0	24.0
4396.0	12.0
4397.0	3.0
4398.0	4.0
4420.0	3.0
4421.0	11.0
4423.0	1.0
4424.0	3.0
4425.0	1.0
4426.0	3.0
4427.0	22.0
4428.0	28.0
4429.0	23.0
4430.0	2.0
4431.0	3.0
4472.0	1.0
4479.0	11.0
4480.0	19.0
4481.0	12.0
4482.0	6.0
4483.0	9.0
4515.0	19.0
4516.0	57.0
4517.0	19.0
4545.0	14.0
4546.0	30.0
4547.0	1.0
4555.0	1.0
4589.0	1.0
4604.0	1.0
4605.0	10.0
4606.0	7.0
4607.0	24.0
4608.0	28.0
4609.0	3.0
4610.0	20.0
4699.0	1.0
4700.0	1.0
4701.0	30.0
4702.0	19.0
4704.0	9.0
4705.0	5.0
4706.0	3.0
4707.0	31.0
4709.0	12.0
4710.0	6.0
4711.0	1.0
4712.0	1.0
4713.0	6.0
4714.0	32.0
4735.0	1.0
4785.0	1.0
4789.0	3.0
4790.0	4.0
4791.0	3.0
4792.0	1.0
4853.0	1.0
4858.0	1.0
4860.0	1.0
4876.0	3.0
4877.0	3.0
4878.0	7.0
4879.0	52.0
4880.0	12.0
4881.0	10.0
4912.0	1.0
4917.0	3.0
4921.0	1.0
4926.0	1.0
4929.0	4.0
4930.0	1.0
4933.0	1.0
4934.0	3.0
4936.0	2.0
4937.0	17.0
4938.0	23.0
4939.0	56.0
4940.0	10.0
4941.0	3.0
5051.0	1.0
5054.0	1.0
5055.0	4.0
5056.0	1.0
5057.0	3.0
5058.0	12.0
5059.0	1.0
5060.0	59.0
5061.0	5.0
5062.0	1.0
5067.0	1.0
5068.0	7.0
5098.0	15.0
5103.0	1.0
5129.0	1.0
5134.0	1.0
5135.0	25.0
5136.0	8.0
5138.0	40.0
5139.0	10.0
5158.0	3.0
5159.0	3.0
5160.0	1.0
5165.0	1.0
5170.0	2.0
5172.0	3.0
5173.0	5.0
5174.0	3.0
5175.0	1.0
5176.0	3.0
5177.0	3.0
5178.0	6.0
5180.0	6.0
5181.0	7.0
5182.0	12.0
5227.0	1.0
5230.0	1.0
5232.0	3.0
5233.0	14.0
5234.0	3.0
5235.0	2.0
5236.0	4.0
5237.0	1.0
5249.0	1.0
5250.0	2.0
5251.0	10.0
5252.0	13.0
5253.0	20.0
5254.0	23.0
5255.0	27.0
5266.0	4.0
5267.0	3.0
5268.0	2.0
5269.0	5.0
5270.0	2.0
5272.0	11.0
5273.0	1.0
5274.0	8.0
5276.0	18.0
5277.0	10.0
5278.0	27.0
5292.0	6.0
5294.0	9.0
5295.0	42.0
5310.0	1.0
5311.0	1.0
5312.0	18.0
5313.0	47.0
5314.0	8.0
5334.0	1.0
5335.0	7.0
5336.0	57.0
5337.0	31.0
5338.0	6.0
5339.0	2.0
5340.0	2.0
5471.0	2.0
5472.0	1.0
5473.0	36.0
5474.0	4.0
5508.0	1.0
5509.0	3.0
5510.0	1.0
5511.0	2.0
5513.0	4.0
5514.0	22.0
5515.0	13.0
5516.0	43.0
5517.0	9.0
5518.0	5.0
5519.0	56.0
5520.0	5.0
5521.0	5.0
5523.0	4.0
5524.0	7.0
5542.0	1.0
5549.0	2.0
5550.0	5.0
5551.0	21.0
5552.0	17.0
5553.0	4.0
5554.0	3.0
5555.0	11.0
5556.0	6.0
5557.0	10.0
5558.0	2.0
5559.0	1.0
5562.0	11.0
5563.0	13.0
5564.0	16.0
5565.0	33.0
5566.0	21.0
5567.0	6.0
5570.0	1.0
5572.0	1.0
5575.0	2.0
5576.0	1.0
5578.0	2.0
5579.0	1.0
5580.0	7.0
5583.0	2.0
5584.0	1.0
5586.0	1.0
5587.0	1.0
5589.0	1.0
5590.0	4.0
5591.0	9.0
5592.0	5.0
5593.0	4.0
5594.0	5.0
5595.0	22.0
5596.0	39.0
5597.0	17.0
5598.0	11.0
5599.0	10.0
5611.0	1.0
5612.0	3.0
5613.0	29.0
5614.0	4.0
5615.0	12.0
5616.0	12.0
5618.0	1.0
5628.0	1.0
5632.0	1.0
5633.0	2.0
5635.0	4.0
5636.0	1.0
5637.0	5.0
5638.0	4.0
5639.0	34.0
5640.0	42.0
5641.0	21.0
5642.0	5.0
5643.0	5.0
5645.0	1.0
5656.0	2.0
5657.0	2.0
5659.0	1.0
5660.0	1.0
5661.0	1.0
5662.0	1.0
5663.0	2.0
5664.0	9.0
5678.0	2.0
5679.0	4.0
5681.0	58.0
5682.0	6.0
5683.0	1.0
5689.0	2.0
5708.0	2.0
5709.0	4.0
5710.0	2.0
5711.0	1.0
5718.0	1.0
5748.0	1.0
5778.0	1.0
5791.0	1.0
5792.0	7.0
5793.0	25.0
5794.0	28.0
5795.0	42.0
5796.0	5.0
5927.0	1.0
5932.0	1.0
5934.0	1.0
5935.0	1.0
5936.0	3.0
5937.0	3.0
5938.0	1.0
5939.0	2.0
5940.0	3.0
5941.0	2.0
5942.0	4.0
5943.0	2.0
5944.0	4.0
5945.0	8.0
5946.0	7.0
5947.0	10.0
5949.0	1.0
5950.0	6.0
5951.0	8.0
5952.0	1.0
5953.0	47.0
5954.0	16.0
5955.0	1.0
5997.0	5.0
5999.0	50.0
6000.0	22.0
6095.0	1.0
6097.0	1.0
6098.0	14.0
6099.0	5.0
6100.0	8.0
6101.0	10.0
6102.0	3.0
6103.0	1.0
6104.0	1.0
6105.0	15.0
6106.0	9.0
6107.0	2.0
6131.0	1.0
6132.0	1.0
6133.0	5.0
6134.0	2.0
6135.0	1.0
6159.0	15.0
6160.0	7.0
6161.0	5.0
6162.0	2.0
6163.0	7.0
6164.0	26.0
6165.0	2.0
6226.0	2.0
6229.0	1.0
6231.0	1.0
6233.0	1.0
6235.0	17.0
6236.0	8.0
6237.0	20.0
6238.0	41.0
6239.0	9.0
6240.0	5.0
6250.0	1.0
6252.0	6.0
6253.0	11.0
6254.0	1.0
6255.0	6.0
6256.0	15.0
6257.0	8.0
6258.0	15.0
6259.0	2.0
6261.0	1.0
6298.0	1.0
6299.0	1.0
6300.0	19.0
6301.0	31.0
6302.0	37.0
6303.0	1.0
6304.0	1.0
6305.0	1.0
6317.0	1.0
6318.0	5.0
6319.0	18.0
6320.0	20.0
6321.0	2.0
6323.0	8.0
6324.0	8.0
6325.0	58.0
6326.0	16.0
6327.0	1.0
6416.0	7.0
6417.0	2.0
6418.0	6.0
6420.0	1.0
6421.0	10.0
6422.0	16.0
6423.0	29.0
6424.0	5.0
6425.0	6.0
6426.0	4.0
6427.0	11.0
6428.0	6.0
6429.0	17.0
6435.0	1.0
6439.0	1.0
6442.0	1.0
6443.0	1.0
6444.0	1.0
6445.0	1.0
6447.0	1.0
6467.0	2.0
6510.0	1.0
6515.0	4.0
6516.0	21.0
6517.0	6.0
6518.0	15.0
6519.0	45.0
6520.0	2.0
6612.0	1.0
6638.0	2.0
6639.0	1.0
6642.0	1.0
6645.0	3.0
6646.0	3.0
6647.0	1.0
6648.0	2.0
6649.0	8.0
6651.0	2.0
6652.0	2.0
6653.0	8.0
6655.0	1.0
6656.0	1.0
6658.0	1.0
6659.0	12.0
6660.0	5.0
6661.0	17.0
6662.0	29.0
6663.0	20.0
6665.0	1.0
6666.0	10.0
6667.0	5.0
6668.0	4.0
6669.0	3.0
6670.0	6.0
6671.0	1.0
6673.0	5.0
6684.0	1.0
6685.0	2.0
6688.0	1.0
6690.0	1.0
6691.0	1.0
6692.0	6.0
6693.0	6.0
6694.0	15.0
6695.0	2.0
6696.0	2.0
6698.0	3.0
6699.0	1.0
6700.0	2.0
6701.0	11.0
6714.0	1.0
6715.0	2.0
6716.0	2.0
6718.0	5.0
6719.0	1.0
6720.0	11.0
6721.0	7.0
6722.0	3.0
6723.0	8.0
6724.0	13.0
6725.0	33.0
6726.0	1.0
6727.0	9.0
6766.0	2.0
6767.0	9.0
6768.0	4.0
6769.0	11.0
6770.0	9.0
6771.0	5.0
6773.0	1.0
6775.0	1.0
6776.0	3.0
6777.0	28.0
6778.0	2.0
6779.0	6.0
6780.0	2.0
6781.0	4.0
6782.0	8.0
6783.0	35.0
6784.0	41.0
6788.0	2.0
6792.0	4.0
6793.0	3.0
6795.0	1.0
6796.0	21.0
6797.0	21.0
6798.0	29.0
6802.0	1.0
6808.0	2.0
6811.0	29.0
6812.0	8.0
6813.0	28.0
6814.0	5.0
6815.0	26.0
6816.0	49.0
6817.0	6.0
6818.0	1.0
6826.0	1.0
6840.0	1.0
6843.0	1.0
6846.0	1.0
6847.0	1.0
6848.0	1.0
6850.0	1.0
6851.0	1.0
6853.0	2.0
6854.0	2.0
6858.0	2.0
6859.0	4.0
6860.0	6.0
6861.0	9.0
6862.0	10.0
6863.0	1.0
6899.0	1.0
7013.0	2.0
7020.0	1.0
7021.0	1.0
7023.0	7.0
7025.0	2.0
7027.0	1.0
7028.0	1.0
7030.0	3.0
7031.0	4.0
7032.0	4.0
7033.0	1.0
7034.0	2.0
7035.0	2.0
7036.0	2.0
7037.0	4.0
7039.0	2.0
7040.0	1.0
7042.0	5.0
7043.0	7.0
7044.0	29.0
7045.0	9.0
7046.0	8.0
7047.0	4.0
7048.0	2.0
7052.0	10.0
7053.0	9.0
7054.0	14.0
7055.0	1.0
7079.0	1.0
7080.0	5.0
7081.0	13.0
7082.0	17.0
7083.0	10.0
7084.0	17.0
7085.0	11.0
7086.0	5.0
7094.0	1.0
7115.0	1.0
7116.0	4.0
7117.0	2.0
7118.0	1.0
7127.0	1.0
7133.0	1.0
7134.0	1.0
7135.0	1.0
7138.0	1.0
7142.0	2.0
7145.0	1.0
7153.0	2.0
7155.0	6.0
7156.0	3.0
7157.0	29.0
7158.0	2.0
7159.0	3.0
7160.0	8.0
7161.0	42.0
7162.0	2.0
7284.0	2.0
7285.0	8.0
7286.0	20.0
7287.0	6.0
7288.0	3.0
7292.0	1.0
7295.0	6.0
7329.0	1.0
7333.0	8.0
7334.0	9.0
7335.0	39.0
7336.0	5.0
7337.0	27.0
7338.0	9.0
7362.0	3.0
7363.0	13.0
7364.0	39.0
7365.0	34.0
7367.0	17.0
7408.0	7.0
7409.0	6.0
7410.0	3.0
7411.0	4.0
7412.0	58.0
7413.0	10.0
7426.0	4.0
7427.0	2.0
7428.0	5.0
7430.0	3.0
7477.0	1.0
7483.0	1.0
7484.0	9.0
7485.0	5.0
7486.0	39.0
7487.0	12.0
7488.0	18.0
7489.0	12.0
7496.0	1.0
7497.0	9.0
7498.0	6.0
7499.0	32.0
7500.0	1.0
7501.0	8.0
7502.0	4.0
7503.0	1.0
7504.0	39.0
7513.0	1.0
7515.0	5.0
7516.0	1.0
7517.0	16.0
7519.0	4.0
7520.0	15.0
7521.0	23.0
7549.0	1.0
7620.0	1.0
7622.0	12.0
7623.0	18.0
7624.0	1.0
7625.0	7.0
7626.0	8.0
7627.0	2.0
7629.0	5.0
7630.0	3.0
7631.0	6.0
7632.0	3.0
7633.0	17.0
7634.0	8.0
7740.0	3.0
7741.0	3.0
7743.0	1.0
7746.0	1.0
7747.0	11.0
7748.0	15.0
7752.0	1.0
7759.0	2.0
7760.0	5.0
7761.0	1.0
7762.0	4.0
7763.0	1.0
7765.0	1.0
7766.0	3.0
7767.0	9.0
7768.0	1.0
7773.0	3.0
7774.0	2.0
7777.0	1.0
7797.0	1.0
7799.0	3.0
7800.0	4.0
7803.0	1.0
7812.0	8.0
7814.0	2.0
7827.0	3.0
7828.0	2.0
7830.0	5.0
7831.0	3.0
7832.0	1.0
7882.0	1.0
7884.0	3.0
7897.0	1.0
7898.0	3.0
7902.0	1.0
7903.0	1.0
7904.0	52.0
7905.0	8.0
7906.0	9.0
7907.0	13.0
7908.0	5.0
7960.0	1.0
7962.0	2.0
7963.0	1.0
7964.0	6.0
7965.0	4.0
7966.0	7.0
7967.0	10.0
7968.0	10.0
7969.0	13.0
7970.0	10.0
7971.0	10.0
7972.0	8.0
7973.0	6.0
7974.0	8.0
7975.0	9.0
7976.0	1.0
7977.0	3.0
7978.0	5.0
7979.0	1.0
7980.0	1.0
7981.0	2.0
7982.0	5.0
7983.0	3.0
7984.0	11.0
7985.0	11.0
7986.0	8.0
7988.0	8.0
7989.0	7.0
7990.0	12.0
7991.0	20.0
7992.0	22.0
7993.0	23.0
7994.0	27.0
7995.0	1.0
7996.0	6.0
8019.0	1.0
8021.0	2.0
8026.0	1.0
8027.0	1.0
8028.0	1.0
8064.0	1.0
8065.0	2.0
8067.0	1.0
8069.0	1.0
8071.0	1.0
8073.0	1.0
8075.0	1.0
8076.0	3.0
8077.0	2.0
8078.0	7.0
8079.0	3.0
8080.0	3.0
8081.0	7.0
8082.0	5.0
8100.0	1.0
8102.0	5.0
8103.0	17.0
8104.0	9.0
8105.0	13.0
8106.0	25.0
8107.0	9.0
8125.0	1.0
8127.0	8.0
8128.0	15.0
8129.0	15.0
8130.0	12.0
8131.0	6.0
8132.0	14.0
8133.0	24.0
8136.0	1.0
8140.0	1.0
8141.0	8.0
8142.0	16.0
8143.0	12.0
8145.0	1.0
8181.0	11.0
8182.0	11.0
8183.0	18.0
8184.0	7.0
8185.0	14.0
8186.0	4.0
8187.0	19.0
8188.0	1.0
8189.0	3.0
8190.0	2.0
8191.0	5.0
8192.0	1.0
8196.0	1.0
8198.0	1.0
8216.0	3.0
8233.0	1.0
8234.0	1.0
8235.0	3.0
8236.0	1.0
8241.0	1.0
8263.0	1.0
8264.0	12.0
8265.0	43.0
8266.0	11.0
8267.0	3.0
8268.0	2.0
8270.0	3.0
8291.0	8.0
8292.0	4.0
8294.0	11.0
8295.0	8.0
8296.0	6.0
8297.0	5.0
8300.0	1.0
8340.0	1.0
8386.0	1.0
8390.0	3.0
8419.0	2.0
8420.0	2.0
8421.0	4.0
8424.0	1.0
8425.0	2.0
8426.0	1.0
8427.0	1.0
8428.0	1.0
8429.0	9.0
8430.0	1.0
8431.0	11.0
8449.0	3.0
8450.0	11.0
8453.0	2.0
8454.0	2.0
8455.0	4.0
8456.0	12.0
8457.0	30.0
8458.0	11.0
8459.0	7.0
8460.0	8.0
8461.0	10.0
8463.0	3.0
8476.0	1.0
8480.0	1.0
8482.0	5.0
8483.0	5.0
8484.0	7.0
8485.0	2.0
8486.0	14.0
8494.0	2.0
8497.0	2.0
8498.0	2.0
8499.0	1.0
8500.0	26.0
8501.0	1.0
8536.0	1.0
8544.0	1.0
8546.0	11.0
8548.0	21.0
8549.0	10.0
8550.0	5.0
8551.0	1.0
8552.0	2.0
8553.0	3.0
8554.0	4.0
8555.0	4.0
8556.0	13.0
8557.0	8.0
8558.0	6.0
8559.0	10.0
8560.0	12.0
8561.0	10.0
8562.0	10.0
8563.0	1.0
8569.0	1.0
8576.0	1.0
8577.0	1.0
8578.0	14.0
8579.0	16.0
8580.0	35.0
8594.0	1.0
8599.0	1.0
8606.0	1.0
8608.0	1.0
8618.0	3.0
8619.0	1.0
8620.0	7.0
8621.0	1.0
8622.0	3.0
8623.0	9.0
8634.0	1.0
8635.0	1.0
8636.0	2.0
8637.0	7.0
8639.0	2.0
8640.0	2.0
8641.0	53.0
8642.0	25.0
8643.0	27.0
8644.0	12.0
8645.0	2.0
8753.0	4.0
8756.0	2.0
8758.0	3.0
8759.0	9.0
8760.0	11.0
8761.0	4.0
8762.0	6.0
8763.0	5.0
8768.0	2.0
8769.0	4.0
8770.0	21.0
8771.0	21.0
8772.0	11.0
8773.0	10.0
8774.0	6.0
8775.0	1.0
8801.0	1.0
8803.0	1.0
8805.0	5.0
8806.0	1.0
8807.0	8.0
8808.0	9.0
8809.0	31.0
8810.0	16.0
8811.0	8.0
8813.0	1.0
8814.0	1.0
8815.0	2.0
8816.0	1.0
8817.0	1.0
8819.0	5.0
8821.0	1.0
8822.0	4.0
8823.0	12.0
8824.0	5.0
8825.0	25.0
8826.0	20.0
8827.0	3.0
8828.0	6.0
8829.0	15.0
8830.0	5.0
8831.0	3.0
8843.0	2.0
8846.0	1.0
8847.0	1.0
8848.0	1.0
8849.0	1.0
8850.0	1.0
8854.0	4.0
8855.0	1.0
8864.0	1.0
8874.0	1.0
8880.0	2.0
8881.0	1.0
8883.0	1.0
8885.0	3.0
8887.0	3.0
8888.0	2.0
8889.0	6.0
8890.0	17.0
8891.0	7.0
8892.0	4.0
8893.0	4.0
8921.0	4.0
8922.0	2.0
8923.0	5.0
8924.0	2.0
8925.0	5.0
8927.0	12.0
8928.0	3.0
8929.0	11.0
8930.0	27.0
8931.0	14.0
8932.0	8.0
8963.0	1.0
8974.0	7.0
8975.0	1.0
8976.0	5.0
8977.0	14.0
8978.0	6.0
8979.0	6.0
8980.0	25.0
8981.0	15.0
8982.0	3.0
8983.0	4.0
8984.0	4.0
9082.0	1.0
9211.0	1.0
9213.0	1.0
9214.0	1.0
9215.0	11.0
9216.0	28.0
9267.0	1.0
9290.0	2.0
9291.0	2.0
9292.0	4.0
9293.0	45.0
9294.0	11.0
9295.0	9.0
9296.0	16.0
9297.0	4.0
9298.0	1.0
9300.0	2.0
9319.0	1.0
9328.0	3.0
9329.0	2.0
9331.0	2.0
9332.0	1.0
9333.0	1.0
9334.0	1.0
9335.0	1.0
9337.0	1.0
9338.0	1.0
9340.0	1.0
9344.0	1.0
9349.0	2.0
9350.0	2.0
9351.0	1.0
9352.0	6.0
9353.0	3.0
9354.0	2.0
9355.0	2.0
9377.0	1.0
9379.0	1.0
9383.0	1.0
9384.0	1.0
9385.0	1.0
9392.0	2.0
9393.0	3.0
9394.0	5.0
9395.0	10.0
9396.0	2.0
9397.0	3.0
9398.0	1.0
9399.0	16.0
9400.0	3.0
9401.0	2.0
9402.0	2.0
9412.0	1.0
9430.0	1.0
9434.0	1.0
9438.0	1.0
9497.0	4.0
9498.0	5.0
9499.0	4.0
9500.0	11.0
9501.0	1.0
9502.0	5.0
9503.0	19.0
9504.0	24.0
9506.0	3.0
9507.0	2.0
9511.0	1.0
9543.0	1.0
9568.0	1.0
9578.0	1.0
9583.0	2.0
9584.0	2.0
9585.0	9.0
9586.0	5.0
9587.0	16.0
9588.0	17.0
9589.0	4.0
9615.0	1.0
9617.0	2.0
9664.0	1.0
9671.0	1.0
9697.0	1.0
9698.0	1.0
9700.0	1.0
9715.0	1.0
9716.0	1.0
9722.0	1.0
9723.0	2.0
9724.0	1.0
9725.0	4.0
9726.0	29.0
9727.0	6.0
9728.0	48.0
9729.0	6.0
9730.0	2.0
9763.0	1.0
9765.0	3.0
9766.0	2.0
9767.0	3.0
9768.0	1.0
9772.0	1.0
9773.0	2.0
9774.0	13.0
9775.0	12.0
9776.0	11.0
9777.0	5.0
9781.0	1.0
9782.0	1.0
9783.0	1.0
9784.0	13.0
9785.0	14.0
9786.0	2.0
9787.0	2.0
9815.0	1.0
9822.0	2.0
9823.0	9.0
9824.0	4.0
9825.0	3.0
9826.0	28.0
9827.0	24.0
9828.0	22.0
9829.0	8.0
9830.0	11.0
9832.0	1.0
9833.0	4.0
9834.0	2.0
9835.0	1.0
9837.0	1.0
9844.0	1.0
9856.0	2.0
9858.0	3.0
9860.0	2.0
9861.0	1.0
9862.0	1.0
9863.0	5.0
9864.0	1.0
9865.0	2.0
9868.0	2.0
9870.0	11.0
9871.0	8.0
9872.0	7.0
9873.0	8.0
9874.0	23.0
9875.0	21.0
9917.0	1.0
9944.0	2.0
10014.0	2.0
10039.0	13.0
10040.0	15.0
10041.0	32.0
10042.0	21.0
10084.0	1.0
10090.0	2.0
10091.0	13.0
10092.0	4.0
10093.0	6.0
10094.0	1.0
10095.0	9.0
10096.0	4.0
10097.0	7.0
10098.0	11.0
10099.0	1.0
10103.0	4.0
10104.0	12.0
10105.0	20.0
10107.0	5.0
10108.0	15.0
10109.0	1.0
10191.0	1.0
10196.0	1.0
10199.0	1.0
10201.0	1.0
10202.0	4.0
10203.0	9.0
10204.0	9.0
10205.0	10.0
10206.0	7.0
10804.0	1.0
10828.0	1.0
10847.0	1.0
10870.0	1.0
10878.0	1.0
10895.0	1.0
10913.0	1.0
10920.0	1.0
10930.0	1.0
10935.0	1.0
10957.0	1.0
10974.0	1.0
10980.0	1.0
10982.0	1.0
10986.0	1.0
10990.0	3.0
10994.0	1.0
10995.0	2.0
10996.0	7.0
11003.0	2.0
11006.0	1.0
11007.0	3.0
11008.0	2.0
11020.0	1.0
11049.0	9.0
11050.0	4.0
11051.0	1.0
11098.0	1.0
11100.0	2.0
11101.0	1.0
11107.0	1.0
11108.0	4.0
11110.0	5.0
11121.0	4.0
11135.0	1.0
11141.0	1.0
11142.0	1.0
11146.0	1.0
11148.0	4.0
11149.0	14.0
11150.0	25.0
11151.0	15.0
11152.0	26.0
11153.0	1.0
11154.0	2.0
11159.0	1.0
11160.0	5.0
11161.0	2.0
11162.0	1.0
11164.0	1.0
11165.0	5.0
11190.0	2.0
11193.0	1.0
11196.0	1.0
11197.0	1.0
11308.0	1.0
11313.0	1.0
11314.0	1.0
11315.0	2.0
11347.0	1.0
11355.0	1.0
11358.0	1.0
11360.0	1.0
11361.0	2.0
11363.0	2.0
11364.0	3.0
11366.0	2.0
11368.0	1.0
11370.0	1.0
11371.0	3.0
11373.0	1.0
11374.0	3.0
11521.0	2.0
11566.0	1.0
11581.0	1.0
11582.0	1.0
11584.0	2.0
11707.0	1.0
11716.0	1.0
11719.0	1.0
11721.0	1.0
11736.0	1.0
11868.0	3.0
11872.0	1.0
11873.0	1.0
11875.0	1.0
11876.0	5.0
11877.0	5.0
11878.0	28.0
11879.0	16.0
11880.0	10.0
11881.0	3.0
11882.0	12.0
11884.0	3.0
11885.0	5.0
11886.0	11.0
11887.0	11.0
11947.0	2.0
11948.0	3.0
11983.0	1.0
11985.0	1.0
11986.0	2.0
11987.0	2.0
11988.0	2.0
11995.0	1.0
12012.0	1.0
12013.0	2.0
12015.0	3.0
12016.0	5.0
12017.0	5.0
12018.0	1.0
12019.0	3.0
12021.0	2.0
12024.0	1.0
12026.0	2.0
12027.0	2.0
12028.0	1.0
12029.0	2.0
12030.0	5.0
12049.0	1.0
12051.0	1.0
12058.0	1.0
12059.0	8.0
12060.0	5.0
12061.0	3.0
12062.0	4.0
12063.0	1.0
12065.0	2.0
12066.0	2.0
12067.0	5.0
12068.0	44.0
12069.0	40.0
12076.0	1.0
12081.0	1.0
12082.0	1.0
12083.0	7.0
12085.0	1.0
12086.0	13.0
12087.0	12.0
12088.0	11.0
12089.0	24.0
12090.0	51.0
12091.0	21.0
12094.0	1.0
12095.0	1.0
12096.0	2.0
12097.0	1.0
12098.0	1.0
12099.0	1.0
12100.0	2.0
12101.0	6.0
12102.0	4.0
12104.0	2.0
12106.0	8.0
12107.0	3.0
12108.0	6.0
12109.0	4.0
12201.0	3.0
12219.0	1.0
12220.0	1.0
12225.0	1.0
12230.0	1.0
12233.0	1.0
12235.0	1.0
12389.0	1.0
12391.0	1.0
12392.0	16.0
12393.0	2.0
12394.0	11.0
12395.0	7.0
12396.0	8.0
12397.0	3.0
12398.0	4.0
12399.0	18.0
12400.0	4.0
12401.0	7.0
12402.0	1.0
12403.0	9.0
12404.0	6.0
12423.0	1.0
12476.0	1.0
12480.0	1.0
12491.0	1.0
12547.0	1.0
12578.0	3.0
12579.0	3.0
12580.0	3.0
12581.0	1.0
12583.0	1.0
12586.0	2.0
12587.0	10.0
12588.0	10.0
12589.0	6.0
12591.0	2.0
12604.0	1.0
12612.0	1.0
12617.0	1.0
12625.0	1.0
12626.0	2.0
12627.0	3.0
12628.0	3.0
12630.0	3.0
12631.0	4.0
12632.0	1.0
12633.0	2.0
12634.0	1.0
12635.0	8.0
12636.0	8.0
12637.0	4.0
12720.0	1.0
12721.0	1.0
12729.0	4.0
12730.0	7.0
12731.0	17.0
12732.0	31.0
12733.0	14.0
12734.0	1.0
12738.0	1.0
12966.0	1.0
12971.0	6.0
12973.0	2.0
12974.0	3.0
12975.0	4.0
12976.0	6.0
12977.0	2.0
12978.0	20.0
12979.0	14.0
12980.0	6.0
12981.0	8.0
12982.0	5.0
12983.0	2.0
12984.0	2.0
13111.0	1.0
13112.0	1.0
13151.0	1.0
13157.0	1.0
13158.0	1.0
13162.0	3.0
13163.0	2.0
13164.0	2.0
13165.0	5.0
13166.0	8.0
13167.0	10.0
13168.0	5.0
13169.0	4.0
13170.0	1.0
13172.0	1.0
13174.0	2.0
13175.0	3.0
13176.0	1.0
13178.0	1.0
13180.0	2.0
13181.0	3.0
13182.0	2.0
13183.0	3.0
13184.0	4.0
13260.0	1.0
13331.0	1.0
13346.0	1.0
13347.0	4.0
13348.0	2.0
13349.0	1.0
13350.0	9.0
13351.0	16.0
13352.0	14.0
13354.0	3.0
13355.0	3.0
13357.0	1.0
13359.0	1.0
13361.0	1.0
13362.0	5.0
13363.0	2.0
13364.0	4.0
13365.0	13.0
13366.0	1.0
13367.0	1.0
13368.0	15.0
13369.0	7.0
13370.0	3.0
13490.0	3.0
13493.0	2.0
13495.0	1.0
13496.0	1.0
13497.0	2.0
13499.0	5.0
13500.0	8.0
13501.0	8.0
13502.0	2.0
13503.0	4.0
13504.0	6.0
13505.0	17.0
13506.0	21.0
13507.0	2.0
13632.0	2.0
13641.0	3.0
13642.0	4.0
13643.0	12.0
13644.0	12.0
13645.0	1.0
13646.0	4.0
13647.0	5.0
13648.0	9.0
13738.0	1.0
13739.0	1.0
13740.0	2.0
13742.0	1.0
13743.0	3.0
13744.0	6.0
13745.0	1.0
13746.0	1.0
13747.0	2.0
13748.0	1.0
13749.0	5.0
13750.0	12.0
13751.0	3.0
13752.0	6.0
13753.0	9.0
13754.0	11.0
13755.0	14.0
13756.0	10.0
13757.0	14.0
13758.0	6.0
13759.0	7.0
13968.0	1.0
13971.0	1.0
13977.0	1.0
13980.0	1.0
13983.0	2.0
13985.0	1.0
13987.0	3.0
13988.0	3.0
13992.0	1.0
13995.0	1.0
13998.0	1.0
14000.0	3.0
14001.0	1.0
14003.0	1.0
14004.0	1.0
14005.0	1.0
14006.0	1.0
14008.0	1.0
14012.0	1.0
14026.0	1.0
14027.0	1.0
14029.0	2.0
14040.0	1.0
14043.0	2.0
14044.0	4.0
14045.0	6.0
14046.0	3.0
14047.0	1.0
14048.0	1.0
14049.0	5.0
14052.0	2.0
14054.0	1.0
14055.0	1.0
14056.0	1.0
14064.0	3.0
14065.0	10.0
14066.0	16.0
14067.0	11.0
14068.0	8.0
14070.0	2.0
14173.0	1.0
14184.0	4.0
14185.0	1.0
14187.0	3.0
14210.0	1.0
14224.0	6.0
14225.0	2.0
14226.0	1.0
14227.0	1.0
14228.0	3.0
14229.0	14.0
14230.0	9.0
14231.0	25.0
14232.0	17.0
14233.0	12.0
14234.0	4.0
14235.0	3.0
14236.0	2.0
14261.0	1.0
14314.0	1.0
14315.0	2.0
14324.0	1.0
14330.0	3.0
14331.0	6.0
14332.0	2.0
14333.0	6.0
14334.0	3.0
14335.0	4.0
14336.0	12.0
14338.0	2.0
14340.0	5.0
14341.0	7.0
14342.0	1.0
14344.0	3.0
14556.0	1.0
14557.0	4.0
14559.0	5.0
14560.0	2.0
14561.0	14.0
14562.0	5.0
14563.0	2.0
14564.0	16.0
14565.0	16.0
14566.0	8.0
14567.0	7.0
14568.0	12.0
14569.0	1.0
14570.0	5.0
14571.0	3.0
14572.0	6.0
14592.0	1.0
14803.0	3.0
14804.0	4.0
14805.0	2.0
14806.0	4.0
14807.0	2.0
14808.0	4.0
14809.0	16.0
14810.0	27.0
14811.0	4.0
14812.0	6.0
14813.0	12.0
14901.0	2.0
14948.0	1.0
14950.0	2.0
14951.0	1.0
14954.0	3.0
14955.0	1.0
14957.0	2.0
14962.0	5.0
14971.0	1.0
14985.0	2.0
14996.0	1.0
14998.0	1.0
15000.0	1.0
15052.0	1.0
15063.0	2.0
15064.0	1.0
15065.0	4.0
15068.0	1.0
15073.0	1.0
15076.0	2.0
15077.0	2.0
15078.0	3.0
15079.0	2.0
15080.0	6.0
15082.0	1.0
15085.0	1.0
15087.0	1.0
15088.0	1.0
15089.0	1.0
15090.0	1.0
15092.0	1.0
15098.0	1.0
15101.0	2.0
15102.0	5.0
15103.0	7.0
15104.0	4.0
15105.0	9.0
15106.0	4.0
15107.0	5.0
15108.0	2.0
15109.0	4.0
15110.0	1.0
15111.0	4.0
15112.0	7.0
15113.0	7.0
15114.0	5.0
15115.0	25.0
15116.0	18.0
15117.0	2.0
15121.0	1.0
15123.0	2.0
15124.0	4.0
15127.0	2.0
15128.0	3.0
15129.0	1.0
15130.0	2.0
15131.0	1.0
15132.0	2.0
15133.0	2.0
15134.0	3.0
15135.0	1.0
15136.0	3.0
15139.0	1.0
15140.0	3.0
15141.0	2.0
15142.0	1.0
15143.0	1.0
15144.0	1.0
15145.0	1.0
15146.0	1.0
15147.0	2.0
15148.0	4.0
15150.0	5.0
15151.0	3.0
15155.0	2.0
15156.0	1.0
15157.0	3.0
15158.0	2.0
15159.0	10.0
15160.0	4.0
15161.0	1.0
15164.0	1.0
15166.0	2.0
15171.0	1.0
15172.0	1.0
15173.0	3.0
15204.0	1.0
15211.0	1.0
15212.0	3.0
15218.0	1.0
15220.0	1.0
15229.0	1.0
15247.0	4.0
15248.0	9.0
15249.0	16.0
15250.0	11.0
15251.0	29.0
15252.0	9.0
15253.0	1.0
15296.0	2.0
15297.0	1.0
15321.0	3.0
15322.0	1.0
15323.0	2.0
15324.0	3.0
15325.0	1.0
15326.0	3.0
15329.0	3.0
15330.0	4.0
15332.0	1.0
15424.0	2.0
15425.0	3.0
15426.0	6.0
15427.0	5.0
15428.0	5.0
15430.0	2.0
15431.0	1.0
15447.0	1.0
15448.0	1.0
15508.0	1.0
15517.0	4.0
15519.0	6.0
15520.0	15.0
15521.0	20.0
15522.0	18.0
15523.0	25.0
15835.0	1.0
15930.0	3.0
16061.0	1.0
16089.0	1.0
16100.0	1.0
16101.0	2.0
16103.0	1.0
16105.0	1.0
16108.0	1.0
16109.0	1.0
16110.0	4.0
16112.0	2.0
16113.0	1.0
16114.0	4.0
16116.0	1.0
16253.0	1.0
16257.0	1.0
16263.0	1.0
16270.0	1.0
16272.0	2.0
16279.0	1.0
16311.0	1.0
16313.0	1.0
16314.0	1.0
16318.0	1.0
16320.0	2.0
16321.0	8.0
16323.0	1.0
16324.0	2.0
16325.0	9.0
16326.0	1.0
16327.0	5.0
16328.0	2.0
16329.0	4.0
16330.0	1.0
16331.0	2.0
16332.0	5.0
16333.0	2.0
16334.0	8.0
16335.0	9.0
16336.0	6.0
16337.0	4.0
16338.0	7.0
16339.0	15.0
16340.0	7.0
16341.0	4.0
16342.0	6.0
16343.0	3.0
16344.0	1.0
16345.0	1.0
16349.0	1.0
16354.0	1.0
16355.0	8.0
16356.0	4.0
16357.0	17.0
16358.0	17.0
16359.0	17.0
16360.0	7.0
16361.0	2.0
16607.0	1.0
16609.0	1.0
16610.0	2.0
16613.0	1.0
16619.0	1.0
16621.0	1.0
16622.0	1.0
16623.0	1.0
16625.0	1.0
16627.0	3.0
16628.0	5.0
16630.0	6.0
16631.0	7.0
16632.0	7.0
16633.0	5.0
16634.0	8.0
16635.0	5.0
16639.0	1.0
16654.0	1.0
16656.0	2.0
16657.0	1.0
16658.0	1.0
16659.0	1.0
16660.0	2.0
16661.0	1.0
16662.0	1.0
16663.0	1.0
16665.0	1.0
16669.0	1.0
16671.0	2.0
16685.0	1.0
16687.0	1.0
16688.0	6.0
16689.0	2.0
16691.0	3.0
16692.0	2.0
16693.0	1.0
16694.0	2.0
16697.0	3.0
16700.0	2.0
16702.0	1.0
16705.0	1.0
16706.0	2.0
16707.0	1.0
16708.0	1.0
16709.0	1.0
16717.0	1.0
16726.0	2.0
16728.0	1.0
16729.0	4.0
16730.0	1.0
16732.0	1.0
16733.0	17.0
16734.0	2.0
16735.0	1.0
16737.0	2.0
16738.0	8.0
16739.0	36.0
16740.0	17.0
16741.0	4.0
16742.0	7.0
16770.0	1.0
16776.0	2.0
16777.0	1.0
16779.0	3.0
16780.0	2.0
16781.0	1.0
16782.0	2.0
16783.0	1.0
16784.0	6.0
16785.0	8.0
16786.0	7.0
16787.0	8.0
16788.0	8.0
16790.0	7.0
16792.0	2.0
16793.0	1.0
16794.0	1.0
16795.0	3.0
16796.0	3.0
16797.0	8.0
16798.0	10.0
16799.0	21.0
16800.0	4.0
16905.0	1.0
16908.0	3.0
16909.0	4.0
16910.0	3.0
16925.0	4.0
16926.0	1.0
16927.0	2.0
16928.0	3.0
16929.0	2.0
16930.0	2.0
16931.0	12.0
16932.0	11.0
16934.0	1.0
17047.0	1.0
17123.0	1.0
17163.0	1.0
17165.0	1.0
17167.0	1.0
17168.0	1.0
17171.0	1.0
17174.0	2.0
17177.0	2.0
17181.0	3.0
17184.0	2.0
17185.0	1.0
17186.0	1.0
17187.0	1.0
17188.0	1.0
17189.0	2.0
17190.0	2.0
17194.0	1.0
17195.0	1.0
17198.0	2.0
17200.0	1.0
17201.0	1.0
17202.0	4.0
17205.0	2.0
17206.0	3.0
17207.0	2.0
17211.0	4.0
17516.0	1.0
17711.0	3.0
17713.0	2.0
17714.0	1.0
17715.0	2.0
17716.0	2.0
17717.0	8.0
17718.0	11.0
17719.0	15.0
17720.0	12.0
17721.0	6.0
17723.0	6.0
17724.0	6.0
17725.0	3.0
17726.0	5.0
17728.0	6.0
17729.0	16.0
17730.0	2.0
17758.0	1.0
17760.0	4.0
17761.0	2.0
17762.0	5.0
17763.0	3.0
17765.0	1.0
17766.0	4.0
17767.0	2.0
17768.0	1.0
17769.0	1.0
17770.0	1.0
17771.0	2.0
17772.0	6.0
17773.0	2.0
17774.0	4.0
17775.0	2.0
17776.0	3.0
17777.0	5.0
17778.0	5.0
17779.0	1.0
17780.0	4.0
17801.0	2.0
17802.0	1.0
17807.0	1.0
17829.0	2.0
17832.0	2.0
17833.0	1.0
17834.0	2.0
17840.0	2.0
17843.0	5.0
17845.0	1.0
17846.0	1.0
17847.0	3.0
17848.0	2.0
17850.0	12.0
17851.0	1.0
17852.0	8.0
17926.0	3.0
17942.0	6.0
17943.0	5.0
17944.0	4.0
17945.0	2.0
17946.0	4.0
17947.0	2.0
17950.0	1.0
17966.0	1.0
17967.0	5.0
17968.0	6.0
17969.0	8.0
17970.0	4.0
17973.0	1.0
18051.0	1.0
18412.0	1.0
18536.0	1.0
18556.0	1.0
18559.0	1.0
18560.0	2.0
18562.0	1.0
18564.0	1.0
18565.0	3.0
18567.0	1.0
18569.0	1.0
18570.0	1.0
18571.0	5.0
18572.0	2.0
18573.0	2.0
18577.0	3.0
18578.0	5.0
18579.0	3.0
18580.0	1.0
18581.0	2.0
18583.0	7.0
18584.0	1.0
18737.0	1.0
18744.0	1.0
18747.0	1.0
18817.0	1.0
18826.0	1.0
18829.0	1.0
18836.0	1.0
18837.0	1.0
18839.0	2.0
18840.0	1.0
18842.0	3.0
18843.0	3.0
18844.0	3.0
18845.0	2.0
18848.0	3.0
18849.0	1.0
18850.0	3.0
18851.0	7.0
18852.0	2.0
18853.0	6.0
18854.0	27.0
18855.0	15.0
18856.0	7.0
18857.0	5.0
18858.0	6.0
18859.0	5.0
18860.0	2.0
18883.0	1.0
18898.0	1.0
18903.0	1.0
18909.0	2.0
18912.0	1.0
18914.0	2.0
18915.0	2.0
18917.0	1.0
18966.0	1.0
18967.0	2.0
18968.0	1.0
18970.0	2.0
18971.0	2.0
18977.0	1.0
18978.0	1.0
19009.0	1.0
19015.0	1.0
19021.0	1.0
19024.0	1.0
19030.0	1.0
19033.0	1.0
19034.0	1.0
19037.0	1.0
19040.0	1.0
19041.0	1.0
19042.0	1.0
19044.0	1.0
19045.0	4.0
19047.0	1.0
19692.0	1.0
19694.0	2.0
19695.0	6.0
19700.0	3.0
19701.0	2.0
19702.0	9.0
19703.0	8.0
19704.0	10.0
19705.0	10.0
19706.0	10.0
19708.0	1.0
19711.0	1.0
19720.0	1.0
19721.0	2.0
19841.0	1.0
19941.0	1.0
20002.0	1.0
20015.0	1.0
20037.0	1.0
20038.0	2.0
20075.0	1.0
20086.0	1.0
20087.0	1.0
20088.0	1.0
20093.0	1.0
20174.0	1.0
20209.0	1.0
20219.0	1.0
20220.0	1.0
20227.0	1.0
20231.0	1.0
20235.0	1.0
20239.0	1.0
20246.0	1.0
20248.0	2.0
20249.0	1.0
20252.0	2.0
20253.0	2.0
20254.0	2.0
20255.0	3.0
20260.0	2.0
20261.0	3.0
20282.0	1.0
20283.0	2.0
20328.0	1.0
20329.0	1.0
20330.0	3.0
20331.0	4.0
20332.0	11.0
20333.0	11.0
20334.0	11.0
20335.0	2.0
20336.0	4.0
20345.0	1.0
20353.0	4.0
20355.0	1.0
20357.0	2.0
20359.0	4.0
20360.0	1.0
20361.0	2.0
20362.0	2.0
20363.0	3.0
20364.0	2.0
20365.0	2.0
20366.0	5.0
20367.0	8.0
20368.0	7.0
20369.0	2.0
20370.0	3.0
20372.0	1.0
20382.0	1.0
20385.0	1.0
20386.0	4.0
20389.0	3.0
20392.0	6.0
20396.0	1.0
20397.0	1.0
20398.0	1.0
21044.0	2.0
21046.0	1.0
21061.0	2.0
21062.0	1.0
21063.0	3.0
21064.0	4.0
21065.0	4.0
21066.0	5.0
21067.0	3.0
21068.0	11.0
21069.0	19.0
21070.0	4.0
21072.0	8.0
21073.0	18.0
21074.0	12.0
21075.0	8.0
21305.0	1.0
21306.0	1.0
21307.0	1.0
21310.0	4.0
21311.0	3.0
21312.0	8.0
21313.0	15.0
21314.0	11.0
21315.0	8.0
21316.0	4.0
21318.0	3.0
21319.0	4.0
21320.0	2.0
21321.0	5.0
21322.0	5.0
21323.0	3.0
21324.0	2.0
21325.0	3.0
21326.0	5.0
21327.0	5.0
21330.0	1.0
21331.0	2.0
21339.0	1.0
21700.0	1.0
21702.0	2.0
21715.0	1.0
21716.0	1.0
21717.0	3.0
21719.0	1.0
21721.0	2.0
21722.0	1.0
21723.0	3.0
21724.0	1.0
21725.0	3.0
21726.0	1.0
21727.0	5.0
21729.0	3.0
21730.0	13.0
21731.0	28.0
21733.0	1.0
21734.0	1.0
21735.0	3.0
21736.0	3.0
21737.0	2.0
21739.0	3.0
21740.0	16.0
21741.0	18.0
21742.0	8.0
21989.0	13.0
21990.0	1.0
21991.0	1.0
22081.0	1.0
22084.0	1.0
22089.0	1.0
22090.0	1.0
22091.0	1.0
22092.0	2.0
22093.0	1.0
22094.0	1.0
22095.0	1.0
22097.0	1.0
22098.0	6.0
22099.0	4.0
22103.0	3.0
22104.0	4.0
22105.0	6.0
22106.0	1.0
22107.0	6.0
22108.0	10.0
22109.0	6.0
22723.0	1.0
23301.0	2.0
23302.0	4.0
23303.0	9.0
23305.0	4.0
23306.0	10.0
23307.0	7.0
23308.0	6.0
23309.0	2.0
24086.0	1.0
24120.0	1.0
24136.0	1.0
24222.0	1.0
24229.0	1.0
24231.0	1.0
24233.0	2.0
24234.0	8.0
24235.0	3.0
24236.0	3.0
24237.0	6.0
24238.0	14.0
24239.0	5.0
24240.0	1.0
24241.0	3.0
24242.0	1.0
24243.0	2.0
24244.0	1.0
24246.0	3.0
24248.0	4.0
24427.0	1.0
24531.0	2.0
24687.0	1.0
24714.0	1.0
25438.0	1.0
25539.0	1.0
25684.0	1.0
25944.0	1.0
25952.0	1.0
25955.0	1.0
25978.0	1.0
26005.0	1.0
26072.0	1.0
26104.0	1.0
26106.0	1.0
26120.0	1.0
26127.0	1.0
26152.0	1.0
26162.0	1.0
26164.0	1.0
26170.0	2.0
26173.0	1.0
26180.0	1.0
26190.0	2.0
26193.0	1.0
26198.0	1.0
26201.0	1.0
26204.0	1.0
26207.0	2.0
26212.0	1.0
26214.0	1.0
26215.0	1.0
26217.0	2.0
26220.0	1.0
26226.0	1.0
26232.0	1.0
26233.0	1.0
26235.0	1.0
26236.0	1.0
26237.0	1.0
26243.0	1.0
26244.0	3.0
26246.0	1.0
26247.0	1.0
26256.0	1.0
26258.0	1.0
26279.0	1.0
26313.0	1.0
29590.0	1.0
29713.0	1.0
29735.0	1.0
29741.0	1.0
29742.0	2.0
29743.0	4.0
29744.0	9.0
29745.0	3.0
29746.0	7.0
29747.0	1.0
29748.0	2.0
29749.0	4.0
29751.0	4.0
29752.0	3.0
29753.0	3.0
29754.0	3.0
29755.0	4.0
29756.0	5.0
29757.0	3.0
29758.0	4.0
29759.0	3.0
29760.0	3.0
29761.0	3.0
29762.0	1.0
29764.0	8.0
29765.0	3.0
29766.0	4.0
29767.0	4.0
29768.0	10.0
29769.0	9.0
29770.0	2.0
29771.0	1.0
29780.0	2.0
29784.0	1.0
29785.0	2.0
31060.0	1.0
31549.0	1.0
32442.0	1.0
32452.0	1.0
32604.0	1.0
32660.0	1.0
32661.0	1.0
32744.0	1.0
32964.0	1.0
32998.0	1.0
33020.0	1.0
33027.0	1.0
33049.0	1.0
33056.0	1.0
33061.0	2.0
33067.0	1.0
33075.0	1.0
33077.0	1.0
33078.0	2.0
33080.0	1.0
33081.0	1.0
33082.0	3.0
33085.0	2.0
33092.0	1.0
33093.0	2.0
33094.0	3.0
33095.0	2.0
33098.0	1.0
33099.0	1.0
33100.0	2.0
33102.0	1.0
33103.0	2.0
33104.0	1.0
33105.0	5.0
33106.0	4.0
33107.0	6.0
33108.0	1.0
33114.0	1.0
33115.0	1.0
33583.0	1.0
33584.0	3.0
33585.0	1.0
33586.0	1.0
33587.0	3.0
33588.0	2.0
33590.0	5.0
33591.0	1.0
33593.0	2.0
33594.0	1.0
33596.0	1.0
33597.0	3.0
33598.0	1.0
33599.0	2.0
33600.0	1.0
33601.0	1.0
33602.0	1.0
33603.0	2.0
33604.0	2.0
33605.0	2.0
33611.0	3.0
33612.0	3.0
33613.0	9.0
33614.0	6.0
33615.0	5.0
33616.0	13.0
33617.0	7.0
33618.0	3.0
33620.0	4.0
33621.0	1.0
33622.0	2.0
33625.0	1.0
33626.0	1.0
33627.0	2.0
33630.0	2.0
33631.0	1.0
33632.0	1.0
33633.0	1.0
33634.0	3.0
33785.0	1.0
33977.0	2.0
34080.0	2.0
34081.0	1.0
34099.0	1.0
34123.0	1.0
34130.0	1.0
34137.0	1.0
34146.0	1.0
34148.0	1.0
34149.0	1.0
34151.0	1.0
34152.0	1.0
34155.0	1.0
34156.0	1.0
34160.0	1.0
34162.0	1.0
34166.0	1.0
34168.0	2.0
34170.0	1.0
34174.0	2.0
34176.0	1.0
34333.0	1.0
34581.0	3.0
34587.0	1.0
34589.0	3.0
34591.0	4.0
34592.0	3.0
34593.0	6.0
34595.0	2.0
34597.0	1.0
34598.0	3.0
34599.0	1.0
34600.0	1.0
34712.0	1.0
34721.0	1.0
34743.0	1.0
34757.0	1.0
34846.0	1.0
34848.0	2.0
34849.0	1.0
34850.0	3.0
34852.0	3.0
34931.0	1.0
35030.0	1.0
35050.0	1.0
35328.0	1.0
35359.0	1.0
35790.0	1.0
35795.0	1.0
35930.0	1.0
35931.0	4.0
35933.0	1.0
35934.0	2.0
35935.0	3.0
35936.0	3.0
35937.0	4.0
35938.0	2.0
35939.0	7.0
35940.0	7.0
35941.0	10.0
35942.0	12.0
35943.0	7.0
35944.0	2.0
35945.0	6.0
35946.0	1.0
36028.0	1.0
36032.0	1.0
36091.0	2.0
36363.0	1.0
36417.0	1.0
36514.0	1.0
36518.0	1.0
36564.0	1.0
36572.0	1.0
36605.0	1.0
36608.0	1.0
36684.0	1.0
36690.0	1.0
36697.0	1.0
36782.0	1.0
36836.0	1.0
36839.0	1.0
37025.0	1.0
37047.0	1.0
37111.0	1.0
37140.0	1.0
37160.0	1.0
37164.0	1.0
37259.0	1.0
37268.0	1.0
37282.0	1.0
37323.0	1.0
37345.0	1.0
37391.0	1.0
37405.0	1.0
37407.0	1.0
37410.0	1.0
37412.0	1.0
37414.0	1.0
37417.0	1.0
37423.0	1.0
37429.0	1.0
37430.0	1.0
37434.0	1.0
37436.0	1.0
37440.0	1.0
37441.0	1.0
37442.0	2.0
37443.0	1.0
37446.0	1.0
37447.0	1.0
37449.0	1.0
37453.0	1.0
37455.0	1.0
37456.0	1.0
37457.0	1.0
37458.0	1.0
37459.0	1.0
37460.0	1.0
37461.0	1.0
37463.0	4.0
37464.0	3.0
37465.0	2.0
37474.0	1.0
37492.0	1.0
37545.0	1.0
37607.0	1.0
37983.0	1.0
38408.0	1.0
38411.0	1.0
38412.0	1.0
38588.0	1.0
38591.0	1.0
38592.0	1.0
38596.0	1.0
38597.0	1.0
38598.0	2.0
38599.0	5.0
38601.0	2.0
38602.0	2.0
38603.0	1.0
39479.0	1.0
39489.0	1.0
39584.0	1.0
39644.0	1.0
39651.0	2.0
39654.0	1.0
39655.0	1.0
39656.0	1.0
39657.0	1.0
39658.0	2.0
39660.0	2.0
39661.0	1.0
39662.0	1.0
39663.0	2.0
39664.0	2.0
39666.0	1.0
39669.0	1.0
39672.0	2.0
39678.0	2.0
39679.0	2.0
39680.0	6.0
39681.0	2.0
39682.0	1.0
39683.0	1.0
39684.0	5.0
39692.0	2.0
39693.0	3.0
39694.0	1.0
39695.0	1.0
39696.0	1.0
39699.0	2.0
39700.0	1.0
39701.0	3.0
39702.0	7.0
39703.0	3.0
39704.0	2.0
39705.0	5.0
39706.0	5.0
39707.0	4.0
39708.0	2.0
39744.0	1.0
39833.0	1.0
39854.0	1.0
39994.0	1.0
40225.0	1.0
40565.0	1.0
40588.0	3.0
40589.0	2.0
40591.0	1.0
40594.0	5.0
40595.0	3.0
40596.0	6.0
40597.0	5.0
40598.0	1.0
40599.0	2.0
40600.0	2.0
40601.0	5.0
40602.0	2.0
40603.0	4.0
40607.0	3.0
40608.0	4.0
40609.0	7.0
40610.0	2.0
40611.0	3.0
40613.0	1.0
40615.0	1.0
40616.0	2.0
40617.0	4.0
40618.0	1.0
40619.0	1.0
40620.0	4.0
40624.0	1.0
40628.0	1.0
40632.0	1.0
40635.0	1.0
40638.0	2.0
40640.0	1.0
40850.0	1.0
41178.0	1.0
41233.0	1.0
41242.0	1.0
41250.0	1.0
41810.0	1.0
41855.0	1.0
41881.0	1.0
41891.0	1.0
41915.0	2.0
41918.0	1.0
41920.0	2.0
41922.0	2.0
41925.0	2.0
41926.0	1.0
41931.0	1.0
41932.0	1.0
41933.0	2.0
41934.0	2.0
41935.0	2.0
41938.0	1.0
41939.0	1.0
41945.0	2.0
41947.0	3.0
41948.0	1.0
41949.0	1.0
41950.0	1.0
41951.0	1.0
41952.0	3.0
41953.0	2.0
41954.0	2.0
41956.0	1.0
41958.0	1.0
41959.0	1.0
41960.0	1.0
41961.0	1.0
41965.0	1.0
41967.0	1.0
41968.0	1.0
41971.0	1.0
41973.0	1.0
41976.0	1.0
41980.0	1.0
41981.0	2.0
41982.0	2.0
41983.0	1.0
41985.0	1.0
41986.0	2.0
41987.0	1.0
41989.0	1.0
41990.0	2.0
41991.0	2.0
41992.0	2.0
41993.0	1.0
41994.0	1.0
42009.0	1.0
42014.0	1.0
42272.0	2.0
42273.0	2.0
42274.0	2.0
42275.0	1.0
42276.0	4.0
42277.0	1.0
42696.0	1.0
42704.0	1.0
42764.0	1.0
42778.0	1.0
42780.0	1.0
42784.0	1.0
42785.0	2.0
42791.0	1.0
42796.0	1.0
42799.0	1.0
42805.0	2.0
42806.0	1.0
42807.0	1.0
42808.0	1.0
42809.0	3.0
42810.0	2.0
42811.0	3.0
44961.0	1.0
44968.0	1.0
44983.0	1.0
44986.0	2.0
45244.0	1.0
45247.0	1.0
45248.0	1.0
45249.0	1.0
45396.0	1.0
45421.0	1.0
45429.0	1.0
45441.0	1.0
45446.0	1.0
45449.0	1.0
45453.0	1.0
45465.0	1.0
45477.0	1.0
45478.0	1.0
45479.0	1.0
45482.0	1.0
45506.0	2.0
45509.0	1.0
45517.0	1.0
45518.0	1.0
45519.0	1.0
45521.0	3.0
45523.0	1.0
45524.0	1.0
45528.0	1.0
45530.0	2.0
45531.0	2.0
45533.0	2.0
45534.0	1.0
45535.0	1.0
45536.0	1.0
45537.0	1.0
45539.0	2.0
45540.0	1.0
45541.0	1.0
45542.0	1.0
45543.0	1.0
45544.0	1.0
45545.0	2.0
50880.0	1.0
51441.0	1.0
51445.0	1.0
51465.0	1.0
51480.0	1.0
51485.0	1.0
51492.0	1.0
51493.0	1.0
51494.0	1.0
51495.0	3.0
51497.0	1.0
51499.0	1.0
51500.0	3.0
51502.0	1.0
54753.0	1.0
54755.0	1.0
55295.0	1.0
55323.0	1.0
55331.0	1.0
55333.0	1.0
55341.0	1.0
55343.0	1.0
55344.0	1.0
55349.0	1.0
55359.0	1.0
55369.0	1.0
57978.0	1.0
57990.0	2.0
57992.0	1.0
58002.0	1.0
58011.0	1.0
58012.0	1.0
58013.0	1.0
58015.0	1.0
58018.0	2.0
58020.0	1.0
58022.0	1.0
58023.0	2.0
58025.0	4.0
58026.0	2.0
58028.0	3.0
58029.0	1.0
58030.0	1.0
58031.0	2.0
58032.0	1.0
58035.0	1.0
58038.0	1.0
58039.0	1.0
58040.0	1.0
58041.0	1.0
58042.0	1.0
58046.0	2.0
58047.0	1.0
58048.0	1.0
58052.0	1.0
58059.0	1.0
58060.0	1.0
58061.0	1.0
58063.0	1.0
58066.0	1.0
58071.0	2.0
58072.0	1.0
58075.0	1.0
58080.0	1.0
58301.0	1.0
60329.0	1.0
68135.0	1.0
68139.0	1.0
68142.0	1.0
68145.0	2.0
68146.0	1.0
68147.0	2.0
68149.0	1.0
68150.0	1.0
68151.0	1.0
68152.0	4.0
68153.0	2.0
68154.0	2.0
68155.0	2.0
68156.0	1.0
68157.0	3.0
68158.0	3.0
68159.0	2.0
68160.0	1.0
68161.0	1.0
68162.0	2.0
68163.0	3.0
68169.0	1.0
68189.0	3.0
68191.0	2.0
68193.0	2.0
68197.0	1.0
68199.0	2.0
68200.0	1.0
68202.0	1.0
68204.0	1.0
68205.0	3.0
68206.0	1.0
68208.0	1.0
68212.0	1.0
68213.0	1.0
68215.0	2.0
68275.0	1.0
76188.0	1.0
76193.0	1.0
76198.0	1.0
76711.0	1.0
78268.0	1.0
78270.0	1.0
78639.0	1.0
78662.0	1.0
78776.0	1.0
79516.0	1.0
79796.0	1.0
79862.0	1.0
79901.0	1.0
79906.0	1.0
82352.0	1.0
82807.0	1.0
82811.0	1.0
82954.0	1.0
82971.0	1.0
83005.0	1.0
83020.0	1.0
83027.0	1.0
83034.0	1.0
83053.0	1.0
89605.0	1.0
90445.0	1.0
90630.0	1.0
90667.0	2.0
90669.0	1.0
90677.0	2.0
90687.0	1.0
