#Position (bp)	insert size	chromosomes
3877256.5	187.46118721461187	0.0
1.16317685E7	178.95454545454547	2481737.5833333335
1.93862805E7	194.8235294117647	0.0
2.71407925E7	183.455223880597	0.0
3.48953045E7	216.1206896551724	2481737.5833333335
4.26498165E7	149.17253980683896	0.0
5.04043285E7	144.66666666666666	0.0
5.81588405E7	0.0	2481737.5833333335
6.59133525E7	156.11141304347825	0.0
7.36678645E7	147.0	0.0
8.14223765E7	0.0	2481737.5833333335
8.91768885E7	182.2	0.0
9.69314005E7	172.33333333333334	0.0
1.046859125E8	182.0	2481737.5833333335
1.124404245E8	137.58900493515438	0.0
1.201949365E8	147.5	0.0
1.279494485E8	0.0	2481737.5833333335
1.357039605E8	0.0	0.0
1.434584725E8	204.0	0.0
1.512129845E8	221.56410256410257	2481737.5833333335
1.589674965E8	126.88659793814433	0.0
1.667220085E8	152.62153846153845	0.0
1.744765205E8	212.14285714285714	2481737.5833333335
1.822310325E8	126.82442748091603	0.0
1.899855445E8	0.0	0.0
1.977400565E8	181.75	2481737.5833333335
2.054945685E8	210.68421052631578	0.0
2.132490805E8	145.9009628610729	0.0
2.210035925E8	203.4	2481737.5833333335
2.287581045E8	149.49303621169918	0.0
2.365126165E8	140.0	0.0
2.442671285E8	249.86206896551724	2481737.5833333335
2.48697503E8	0.0	0.0
2.52574759E8	235.6	0.0
2.597761525E8	138.0	2481737.5833333335
2.675306645E8	237.9516129032258	0.0
2.752851765E8	121.73948030176027	0.0
2.830396885E8	2481737.5833333335	2481737.5833333335
2.907942005E8	156.33	0.0
2.985487125E8	168.02648043067074	0.0
3.063032245E8	199.0	2481737.5833333335
3.140577365E8	252.48076923076923	0.0
3.218122485E8	160.1501154734411	0.0
3.295667605E8	0.0	2481737.5833333335
3.373212725E8	196.08333333333334	0.0
3.450757845E8	229.41666666666666	0.0
3.528302965E8	222.66666666666666	2481737.5833333335
3.605848085E8	181.42857142857142	0.0
3.683393205E8	136.5	0.0
3.760938325E8	269.14285714285717	2481737.5833333335
3.838483445E8	178.0	0.0
3.916028565E8	144.5	0.0
3.993573685E8	131.33333333333334	2481737.5833333335
4.071118805E8	332.0	0.0
4.148663925E8	74.0	0.0
4.226209045E8	155.05287009063443	2481737.5833333335
4.303754165E8	134.36760124610592	0.0
4.381299285E8	0.0	0.0
4.458844405E8	160.45454545454547	2481737.5833333335
4.536389525E8	190.0	0.0
4.613934645E8	138.99400494437577	0.0
4.691479765E8	139.79858657243815	2481737.5833333335
4.769024885E8	130.78518518518518	0.0
4.846570005E8	160.89473684210526	0.0
4.904921255E8	196.58620689655172	2481737.5833333335
4.943693815E8	0.0	0.0
5.001660245E8	142.8762278978389	0.0
5.079205365E8	170.96	2481737.5833333335
5.156750485E8	134.42857142857142	0.0
5.234295605E8	124.5	0.0
5.311840725E8	133.86328643482878	2481737.5833333335
5.389385845E8	139.47492625368733	0.0
5.466930965E8	175.03571428571428	0.0
5.544476085E8	0.0	2481737.5833333335
5.622021205E8	141.25	0.0
5.699566325E8	111.0	0.0
5.777111445E8	99.5	2481737.5833333335
5.854656565E8	0.0	0.0
5.932201685E8	0.0	0.0
6.009746805E8	0.0	2481737.5833333335
6.087291925E8	150.0	0.0
6.164837045E8	225.6	0.0
6.242382165E8	151.0	2481737.5833333335
6.319927285E8	136.90694239290988	0.0
6.397472405E8	159.97222222222223	0.0
6.475017525E8	273.6666666666667	2481737.5833333335
6.552562645E8	0.0	0.0
6.630107765E8	171.0	0.0
6.707652885E8	140.39062068965518	2481737.5833333335
6.785198005E8	186.66666666666666	0.0
6.862743125E8	216.66666666666666	0.0
6.903119965E8	217.0	2481737.5833333335
6.941892525E8	185.97697355942492	0.0
7.017833365E8	177.42105263157896	0.0
7.095378485E8	185.0	2481737.5833333335
7.172923605E8	167.0	0.0
7.250468725E8	216.66666666666666	0.0
7.328013845E8	198.71428571428572	2481737.5833333335
7.405558965E8	102.33333333333333	0.0
7.483104085E8	180.6162558228858	0.0
7.560649205E8	164.0	2481737.5833333335
7.638194325E8	187.0	0.0
7.715739445E8	208.0	0.0
7.793284565E8	148.3314917127072	2481737.5833333335
7.870829685E8	185.0	0.0
7.948374805E8	0.0	0.0
8.025919925E8	105.5	2481737.5833333335
8.103465045E8	217.0	0.0
8.181010165E8	201.0	0.0
8.258555285E8	170.0	2481737.5833333335
8.336100405E8	86.0	0.0
8.413645525E8	153.03537101114955	0.0
8.491190645E8	0.0	2481737.5833333335
8.568735765E8	113.5	0.0
8.646280885E8	0.0	0.0
8.723826005E8	134.0	2481737.5833333335
8.789432785E8	108.8	0.0
8.828205345E8	194.0952380952381	0.0
8.878916245E8	280.0	2481737.5833333335
8.956461365E8	153.00751879699249	0.0
9.034006485E8	0.0	0.0
9.111551605E8	312.0	2481737.5833333335
9.189096725E8	0.0	0.0
9.266641845E8	217.0	0.0
9.344186965E8	145.38524590163934	2481737.5833333335
9.421732085E8	244.33333333333334	0.0
9.499277205E8	0.0	0.0
9.576822325E8	184.75	2481737.5833333335
9.654367445E8	160.78378378378378	0.0
9.731912565E8	0.0	0.0
9.809457685E8	162.0	2481737.5833333335
9.887002805E8	0.0	0.0
9.964547925E8	216.8799817363512	0.0
1.0042093045E9	243.0	2481737.5833333335
1.0119638165E9	336.0	0.0
1.0197183285E9	154.9030303030303	0.0
1.0274728405E9	160.53471451473672	2481737.5833333335
1.0352273525E9	152.0	0.0
1.0429818645E9	0.0	0.0
1.0507363765E9	165.14643304130163	2481737.5833333335
1.0584908885E9	186.0093023255814	0.0
1.0624550525E9	217.0	0.0
1.0663323085E9	204.0	2481737.5833333335
1.0739999125E9	160.0	0.0
1.0817544245E9	141.0	0.0
1.0895089365E9	153.4375	2481737.5833333335
1.0972634485E9	146.16666666666666	0.0
1.1050179605E9	263.5	0.0
1.1127724725E9	19.0	2481737.5833333335
1.1205269845E9	224.69476082004556	0.0
1.1282814965E9	0.0	0.0
1.1360360085E9	315.0	2481737.5833333335
1.1437905205E9	0.0	0.0
1.1515450325E9	184.0	0.0
1.1592995445E9	0.0	2481737.5833333335
1.1670540565E9	201.0	0.0
1.1748085685E9	175.0	0.0
1.1825630805E9	85.5	2481737.5833333335
1.1903175925E9	125.0	0.0
1.1980721045E9	364.0	0.0
1.2058266165E9	142.6218487394958	2481737.5833333335
1.2135811285E9	143.21917808219177	0.0
1.2213356405E9	201.0	0.0
1.2290901525E9	130.90714285714284	2481737.5833333335
1.233312218E9	182.0	0.0
1.237189474E9	250.27777777777777	0.0
1.2445991765E9	242.66666666666666	2481737.5833333335
1.2523536885E9	0.0	0.0
1.2601082005E9	0.0	0.0
1.2678627125E9	118.46666666666667	2481737.5833333335
1.2756172245E9	238.44444444444446	0.0
1.2833717365E9	147.04025423728814	0.0
1.2911262485E9	211.28855887255645	2481737.5833333335
1.2988807605E9	215.7027027027027	0.0
1.3066352725E9	222.41666666666666	0.0
1.3143897845E9	0.0	2481737.5833333335
1.3221442965E9	177.0	0.0
1.3298988085E9	290.0	0.0
1.3376533205E9	121.75767918088737	2481737.5833333335
1.3454078325E9	235.27777777777777	0.0
1.3531623445E9	146.0356991075223	0.0
1.3609168565E9	204.5243262369523	2481737.5833333335
1.3686713685E9	279.7587412587413	0.0
1.3764258805E9	132.45817875210793	0.0
1.3841803925E9	148.17908309455586	2481737.5833333335
1.3904266695E9	245.9047619047619	0.0
1.3943039255E9	162.0	0.0
1.3996894165E9	157.5	2481737.5833333335
1.4074439285E9	198.0	0.0
1.4151984405E9	217.0	0.0
1.4229529525E9	300.46459627329193	2481737.5833333335
1.4307074645E9	148.51427558077674	0.0
1.4384619765E9	118.0	0.0
1.4462164885E9	155.0	2481737.5833333335
1.4539710005E9	0.0	0.0
1.4617255125E9	220.0	0.0
1.4694800245E9	158.0	2481737.5833333335
1.4772345365E9	24.0	0.0
1.4849890485E9	159.0	0.0
1.4927435605E9	148.0	2481737.5833333335
1.5004980725E9	144.32758620689654	0.0
1.5082525845E9	200.0	0.0
1.5160070965E9	211.5	2481737.5833333335
1.5237616085E9	167.875	0.0
1.5315161205E9	262.42857142857144	0.0
1.5372765445E9	230.94117647058823	2481737.5833333335
1.5411538005E9	213.0	0.0
1.5470251445E9	107.44279877425944	0.0
1.5547796565E9	0.0	2481737.5833333335
1.5625341685E9	241.37431010693342	0.0
1.5702886805E9	241.5753923766816	0.0
1.5780431925E9	223.5625	2481737.5833333335
1.5857977045E9	0.0	0.0
1.5935522165E9	0.0	0.0
1.6013067285E9	0.0	2481737.5833333335
1.6090612405E9	221.28571428571428	0.0
1.6168157525E9	132.65936883629192	0.0
1.6245702645E9	86.0	2481737.5833333335
1.6323247765E9	169.2	0.0
1.6400792885E9	138.74567901234568	0.0
1.6478338005E9	0.0	2481737.5833333335
1.6555883125E9	362.6666666666667	0.0
1.6633428245E9	142.0	0.0
1.6710973365E9	430.03459826160696	2481737.5833333335
1.677673868E9	148.76082631086143	0.0
1.681551124E9	186.0	0.0
1.6866063605E9	170.55555555555554	2481737.5833333335
1.6943608725E9	32.92857142857143	0.0
1.7021153845E9	0.0	0.0
1.7098698965E9	177.0	2481737.5833333335
1.7176244085E9	196.0	0.0
1.7253789205E9	219.2209678367731	0.0
1.7331334325E9	130.0	2481737.5833333335
1.7408879445E9	232.0	0.0
1.7486424565E9	134.05882352941177	0.0
1.7563969685E9	152.067055393586	2481737.5833333335
1.7641514805E9	160.12758620689655	0.0
1.7719059925E9	165.85237453421072	0.0
1.7796605045E9	161.86607142857142	2481737.5833333335
1.7874150165E9	141.35782747603835	0.0
1.7951695285E9	220.10504201680672	0.0
1.8029240405E9	135.7082963799081	2481737.5833333335
1.8106785525E9	177.6	0.0
1.8152318495E9	172.76470588235293	0.0
1.8191091055E9	155.84538724373576	2481737.5833333335
1.8261875765E9	184.29467084639498	0.0
1.8339420885E9	153.5235602094241	0.0
1.8416966005E9	0.0	2481737.5833333335
1.8494511125E9	139.02970297029702	0.0
1.8572056245E9	202.0	0.0
1.8649601365E9	271.8333333333333	2481737.5833333335
1.8727146485E9	206.0	0.0
1.8804691605E9	210.95652173913044
1.8882236725E9	199.47826086956522
1.8959781845E9	219.93333333333334
1.9037326965E9	287.0
1.9114872085E9	178.55555555555554
1.9192417205E9	115.125
1.9269962325E9	160.44624332410592
1.9347507445E9	212.3
1.9425052565E9	378.6585365853659
1.9486484595E9	332.0
1.9525257155E9	159.76987447698744
1.9580142805E9	142.424
1.9657687925E9	0.0
1.9735233045E9	148.21233766233766
1.9812778165E9	0.0
1.9890323285E9	381.0
1.9967868405E9	217.0625
2.0045413525E9	160.68882175226585
2.0122958645E9	160.1578947368421
2.0200503765E9	189.0
2.0278048885E9	300.0
2.0355594005E9	0.0
2.0433139125E9	191.0
2.0510684245E9	0.0
2.0588229365E9	246.0
2.0665774485E9	159.57287538529283
2.0743319605E9	166.4056960471397
2.081487759E9	227.46666666666667
2.085365015E9	0.0
2.0898409845E9	0.0
2.0975954965E9	0.0
2.1053500085E9	261.55555555555554
2.1131045205E9	146.80635340833885
2.1208590325E9	0.0
2.1286135445E9	240.0
2.1363680565E9	138.65648306226976
2.1441225685E9	238.5
2.1518770805E9	115.0
2.1596315925E9	168.0
2.1673861045E9	228.6
2.1751406165E9	0.0
2.1828951285E9	174.5
2.1906496405E9	169.30769230769232
2.197231538E9	256.2105263157895
2.201108794E9	0.0
2.2061586645E9	0.0
2.2139131765E9	0.0
2.2216676885E9	227.5
2.2294222005E9	78.0
2.2371767125E9	0.0
2.2449312245E9	0.0
2.2526857365E9	133.32335329341316
2.2604402485E9	245.5
2.2681947605E9	150.20543806646526
2.2759492725E9	123.11439842209073
2.2837037845E9	155.0
2.2914582965E9	28.71641791044776
2.2992128085E9	207.92215568862275
2.305187892E9	132.9237279057311
2.309065148E9	0.0
2.3147218325E9	0.0
2.3224763445E9	0.0
2.3302308565E9	282.0
2.3379853685E9	159.75706214689265
2.3457398805E9	402.0
2.3534943925E9	219.25
2.3612489045E9	246.0
2.3690034165E9	214.0
2.3767579285E9	144.9380793067515
2.3845124405E9	222.9770992366412
2.3922669525E9	180.0
2.4000214645E9	221.24572317262832
2.406857916E9	220.11111111111111
2.410735172E9	178.15384615384616
2.4155304885E9	204.77777777777777
2.4232850005E9	174.25
2.4310395125E9	284.0
2.4387940245E9	226.0
2.4465485365E9	275.0
2.4543030485E9	0.0
2.4620575605E9	130.0
2.4698120725E9	225.9
2.4775665845E9	158.6285851146638
2.4853210965E9	132.0
2.4930756085E9	158.8709677419355
2.4985623645E9	218.44444444444446
2.5024396205E9	133.2
2.5085846325E9	210.38555407419025
2.5163391445E9	228.71428571428572
2.5240936565E9	225.6
2.5318481685E9	219.55555555555554
2.5396026805E9	241.99342487811424
2.5473571925E9	217.42857142857142
2.5551117045E9	203.1875
2.5628662165E9	211.21428571428572
2.5706207285E9	182.14885496183206
2.5779325295E9	267.50847457627117
2.5818097855E9	0.0
2.5861297525E9	237.33333333333334
2.5938842645E9	124.24528301886792
2.6016387765E9	180.0
2.6093932885E9	219.22222222222223
2.6171478005E9	245.1818181818182
2.6249023125E9	280.0
2.6326568245E9	147.9469906341164
2.6404113365E9	215.64285714285714
2.6481658485E9	247.0
2.6557437135E9	169.83333333333334
2.6596209695E9	217.0
2.6636748725E9	178.00732394366196
2.6714293845E9	134.77703826955076
2.6791838965E9	151.69309318967598
2.6869384085E9	228.0
2.6946929205E9	154.3186440677966
2.7024474325E9	315.5
2.7102019445E9	162.96153846153845
2.716326253E9	162.08333333333334
2.720203509E9	158.06832298136646
2.7257109685E9	160.4206349206349
2.7334654805E9	0.0
2.7412199925E9	127.52282157676349
2.7489745045E9	167.80769230769232
2.7567290165E9	137.96671289875172
2.7644835285E9	187.66666666666666
2.7722380405E9	219.5715592600122
2.778857061E9	267.93150684931504
2.782734317E9	0.0
2.7877470645E9	141.0
2.7955015765E9	253.0
2.8032560885E9	225.0
2.8110106005E9	266.0
2.8187651125E9	235.0
2.8261855445E9	159.89466840052015
2.8300628005E9	0.0
2.8342741365E9	0.0
2.8420286485E9	301.0
2.8497831605E9	167.36401098901098
2.8575376725E9	140.51159348791316
2.8652921845E9	148.36435331230285
2.8730466965E9	196.2876712328767
2.8789786195E9	262.45
2.8828558755E9	157.67857142857142
2.8885557205E9	121.99266503667482
2.8963102325E9	85.0
2.9040647445E9	211.875
2.9118192565E9	244.0
2.9195737685E9	149.5
2.9273282805E9	291.67857142857144
2.9350827925E9	200.71428571428572
2.9428373045E9	230.75438596491227
2.9505918165E9	170.27777777777777
2.9583463285E9	257.0
2.9661008405E9	192.0
2.9738553525E9	0.0
2.9816098645E9	0.0
2.9893643765E9	126.66666666666667
2.9971188885E9	0.0
3.0048734005E9	231.42857142857142
3.0126279125E9	209.0
3.0203824245E9	69.2
3.0281369365E9	261.3333333333333
3.0341590195E9	175.57142857142858
3.0380362755E9	0.0
3.0436459605E9	0.0
3.0514004725E9	97.375
3.0591549845E9	0.0
3.0669094965E9	20.0
3.0746640085E9	0.0
3.0824185205E9	0.0
3.0901730325E9	0.0
3.0948638505E9	0.0
3.095685697E9	0.0
3.0956961125E9	0.0
3.0957057475E9	0.0
3.095723208E9	0.0
3.0957468575E9	0.0
3.0957743915E9	0.0
3.0958051445E9	0.0
3.0958392935E9	0.0
3.0958746045E9	0.0
3.0959108895E9	0.0
3.095947426E9	0.0
3.095984339E9	0.0
3.0960216755E9	0.0
3.0960595015E9	0.0
3.0960978295E9	0.0
3.0961365375E9	0.0
3.0961758875E9	239.0
3.096215745E9	0.0
3.096255679E9	0.0
3.0962957E9	0.0
3.096336017E9	0.0
3.0963766085E9	0.0
3.096417435E9	0.0
3.096458902E9	0.0
3.0965008355E9	0.0
3.0965428785E9	0.0
3.096585625E9	0.0
3.096629057E9	0.0
3.096672664E9	0.0
3.096717443E9	0.0
3.096763347E9	0.0
3.0968269725E9	0.0
3.09691267E9	0.0
3.097004057E9	0.0
3.097103618E9	0.0
3.0972210215E9	0.0
3.0973497685E9	0.0
3.0974831875E9	0.0
3.097629745E9	0.0
3.097787028E9	0.0
3.097947186E9	334.0
3.0981086605E9	157.5
3.098271681E9	0.0
3.0984370835E9	0.0
3.0986053035E9	0.0
3.098776315E9	0.0
3.0989485365E9	0.0
3.099120956E9	0.0
3.0992945225E9	0.0
3.0994714155E9	76.5
3.099650861E9	0.0
3.099830935E9	0.0
3.1000126105E9	0.0
3.1001974875E9	0.0
3.100384347E9	0.0
3.100571295E9	0.0
3.100759707E9	0.0
3.100950336E9	0.0
3.101151657E9	0.0
3.1015309915E9	0.0
