# Position (bp)	A	C	G	T	N
0.0	19.928354609185043	35.94694362627831	30.447913504165363	13.662164589416594	0.014623670954687284
1.0	20.423979590485096	35.133612913309896	19.536229273242185	24.905224507313147	9.537156496790482E-4
2.0	24.566010698211617	30.781638814353034	17.960571990512367	26.69177849692298	0.0
3.0	21.015433861949237	29.06755669962817	27.393291609508623	22.523664884377073	5.2944536891488577E-5
4.0	23.171819412265698	28.659629777253393	21.185409385095284	26.983141425385625	0.0
5.0	27.24080127754008	22.764172577970477	30.320570278990967	19.67445586549848	0.0
6.0	23.477279616806307	25.399226227225526	24.44256459172191	26.68092956424626	0.0
7.0	25.572268489101234	25.337292420184788	21.274876009815603	27.815563080898375	0.0
8.0	23.49429207031438	25.67593208729097	21.94758292340925	28.8821929189854	0.0
9.0	21.94297696534894	22.07752059241472	30.237966774171216	25.74148282296416	5.284510096849217E-5
10.0	19.800238091086484	29.515368922297025	20.085672633738657	30.598720352877834	0.0
11.0	24.942003388661036	30.46672545135919	14.601251173536534	29.990019986443244	0.0
12.0	17.291048927332458	29.122800900796676	23.394036210420442	30.192113961450424	0.0
13.0	21.931237752153773	27.63705703072592	18.808096387578637	31.623608829541674	0.0
14.0	22.73084262503057	33.65318849007345	21.404309910914847	22.211658973981134	0.0
15.0	26.51536676486214	24.533958770574312	18.811862886862542	30.138811577701002	0.0
16.0	27.617895881961534	21.64594797266611	25.199723281334162	25.53643286403819	0.0
17.0	19.843093312323727	19.58550738566126	29.355924291493483	31.215475010521526	0.0
18.0	31.549687099369976	23.19963334762489	18.54245120629899	26.708228346706147	0.0
19.0	18.11288736923137	29.019310515239226	26.63577603730529	26.232026078224113	0.0
20.0	26.927972757150588	24.517825323706823	26.841492549133484	21.712709370009105	0.0
21.0	21.491937335970995	34.81741469963851	25.758710860719674	17.931937103670816	0.0
22.0	23.901965670456658	27.63363518102414	24.212823740095622	24.25157540842358	0.0
23.0	23.903844864477623	25.658421625297155	26.692637323941803	23.74504339324112	5.2793042299369276E-5
24.0	25.56232134231802	26.48343613985911	24.863659278849834	23.090583238973043	0.0
25.0	18.71741367014518	24.835210893632837	28.485988373044425	27.96138706317756	0.0
26.0	19.582107609613086	24.184635296937014	30.831229390554242	25.40202770289566	0.0
27.0	16.954329243926992	24.77619645619975	30.391410082416293	27.878064217456966	0.0
28.0	21.408152601326922	28.551416914298983	24.70138973192372	25.33904075245037	0.0
29.0	19.668501985122408	26.73620316162033	27.396115095907973	26.199179757349285	0.0
30.0	22.12125181012657	26.641049392822026	28.180462357289144	23.057236439762264	0.0
31.0	20.741162068269848	24.39732852527032	33.03906128695961	21.822448119500223	0.0
32.0	21.79670261768934	31.29582118212709	27.483678390622245	19.42379780956133	0.0
33.0	25.185531794435207	22.395266694692722	27.96887840141623	24.45021748361215	1.0562584368642645E-4
34.0	25.367722977358586	24.672177164021534	24.919341507713057	25.04075835090682	0.0
35.0	24.83851017949651	30.160504852748645	21.74085260710138	23.26013236065347	0.0
36.0	20.14152881541047	27.271205292305222	29.16286851731164	23.424344561771903	5.2813200765157656E-5
37.0	20.359288710596513	30.32644510036604	25.621184683121744	23.693028694193195	5.281172251242264E-5
38.0	20.897827176480714	22.17179897619627	26.141639385126275	30.78868165069735	5.281149938712255E-5
39.0	26.82832928094165	23.550592226590307	29.967119647304614	19.65395884516343	0.0
40.0	26.619826239054124	27.574080245215132	24.79761249017043	21.008428213893588	5.281166673092086E-5
41.0	19.97040427944402	29.772006271926788	25.625753558061533	24.63178307878936	5.2811778294042244E-5
42.0	20.658564047098984	24.606029751619186	34.21203837882827	20.523315011428306	5.281102525211983E-5
43.0	27.51092371827844	21.769225163261662	27.17774635004695	23.541893528997363	2.1123941558503283E-4
44.0	21.297520696072446	23.52059256567927	27.337087742052685	27.84474618662059	5.280957500966415E-5
45.0	26.1614888857438	23.26442064972402	25.02001474437105	25.55397010145733	1.0561870380501942E-4
46.0	17.524515563798555	30.535495219933743	26.177642186045258	25.761660504659663	6.865255627793301E-4
47.0	22.863194604334023	26.887976139428876	29.040518190094566	21.208152643441196	1.5842270133941113E-4
48.0	24.917461423909256	24.828269066252652	27.081999936630652	23.172163957627028	1.0561558041042214E-4
49.0	22.984270218290526	22.198705264753237	28.640274514711916	26.17606350423437	6.864980099478842E-4
50.0	23.40935290511222	27.44240180093881	26.05262032266292	23.095572164025686	5.2807260364613005E-5
51.0	22.37193762155648	32.895857613825456	23.49600008871676	21.23599344552131	2.1123037999817284E-4
52.0	22.580135821636407	25.448232523261833	28.350231826199	23.621188597741938	2.1123116082084428E-4
53.0	23.51633716331038	19.488629942682365	28.160259138661786	28.8344569082696	3.1684707587114464E-4
54.0	26.742226566687634	28.198397019006684	23.301526143102254	21.756688461166764	0.0011618100366656686
55.0	23.776433545530498	27.68058675843217	25.506912515407798	23.026983578749018	0.009083601880516835
56.0	24.801017791816367	26.04980905841054	26.577189147567665	22.570769327455718	0.0012146747497109867
57.0	25.06768961412826	25.051893169543398	28.58263627339155	21.29424127140775	0.003539671529048288
58.0	23.650620563441596	27.73552987221021	29.68423432847491	18.929139748816038	4.754870572423019E-4
59.0	28.866881910972126	26.990811699272953	18.461452302041543	25.680695586752066	1.5850096130833033E-4
60.0	24.4896341808126	26.52750472734612	25.42189483761652	23.56064924861746	3.170056073008505E-4
61.0	22.036090508409742	28.221215774830057	24.01861692853437	25.723865448362805	2.1133986303063475E-4
62.0	23.29800634469757	29.765233508964368	24.18287185274891	22.753835456334237	5.283725491439308E-5
63.0	24.36934828164513	27.778053711204787	25.6740319756352	22.178460354883264	1.0567663162077305E-4
64.0	20.93091209602379	33.09641955666777	31.882648157414593	14.089914511307871	1.0567858597824817E-4
65.0	24.817528276313947	28.20598313857177	24.61049889431092	22.365831169071352	1.5852173200844391E-4
66.0	24.899380371269782	28.434784631177656	20.04183366124355	26.62378989500882	2.1144130019484317E-4
67.0	20.206958635231707	28.965698424604565	26.391771977593574	24.435518102273047	5.2860297106585914E-5
68.0	24.039619304553188	24.865347432694858	27.266893809734732	23.828033739519828	1.0571349739363372E-4
69.0	24.574541942424073	26.969840426150206	27.013482569032256	21.44197655582126	1.585065722108391E-4
70.0	21.747279805553486	28.627141827625934	28.341256383779132	21.284321983041448	0.0
71.0	24.56225228311951	25.93138374596568	22.526056537610668	26.980307433304144	0.0
72.0	24.16830947293975	27.309210373077597	26.609914856403556	21.912459423920247	1.0587365884542657E-4
73.0	21.76099177281296	26.46151549433266	26.33806269094289	25.439218287531745	2.1175437974230553E-4
74.0	23.455867911053417	28.26928136823955	23.91867474822768	24.35591126941531	2.6470306404384757E-4
75.0	22.148026930543782	20.411475922766073	26.17569654484533	31.264747659830615	5.294201420010705E-5
76.0	20.77468479887166	32.25010244632289	24.900439116176777	22.07445597561195	3.1766301671860457E-4
77.0	24.059154373282265	32.796135863185924	19.6411071220006	23.503443806575024	1.5883495618537735E-4
78.0	23.380224712199684	26.04454530965307	27.985453382464527	22.589564792864785	2.1180281793059115E-4
79.0	25.69389873230039	21.669243722398143	28.606271777003485	24.030426908698093	1.588595998856211E-4
80.0	25.339540007096367	22.636088736369945	27.512299487896456	24.51185993676819	2.1183186904553855E-4
81.0	24.205011370220085	28.40441971628997	26.78113147194304	20.608643061941486	7.943796054157623E-4
82.0	27.297619072838703	28.575203953877082	24.15442025408702	19.97270375792036	5.296127683283091E-5
83.0	24.761337273969556	22.491763858433703	29.97685405874938	22.76956811898179	4.7668986557345794E-4
84.0	22.93676579795692	30.915434543792315	22.457935499863872	23.689864158386893	0.0
85.0	22.231350632111486	26.611716111043133	28.443560206983605	22.71316117187595	2.1187798582430337E-4
86.0	28.172606715061505	22.29265013373651	21.813275328752372	27.721096994332157	3.7082811745927643E-4
87.0	26.416459747267844	26.859877379396497	24.901211107585198	21.82202794961462	4.2381613584578605E-4
88.0	24.483506981239245	24.20878228876135	29.075992505870683	22.230499580362668	0.0012186437660543072
89.0	21.043408033822157	26.455461893635928	29.88531817172545	22.615228979458383	5.829213580795815E-4
90.0	25.46056911280305	21.009501118386765	27.794363161045045	25.735195491037793	3.7111672734425156E-4
91.0	25.196436259217393	29.401232591134765	30.63949678385331	14.761137750330311	0.0016966154642258024
92.0	25.64224818021506	25.35468901234404	25.73049946301428	23.269434242452366	0.003129101974251203
93.0	21.977369217999613	27.441480573963727	28.62642768306298	21.953343569426433	0.0013789555472464644
94.0	27.891221768799852	25.911603499284507	26.403113586724192	19.791780478982336	0.002280666209119058
95.0	24.079122678977562	26.759118605519532	24.794523744865746	24.366757612274686	4.773583624698734E-4
96.0	24.981833110733685	25.081817304213978	25.69832461499455	24.237865844020416	1.5912603736915862E-4
97.0	21.21614123902405	27.132519793046896	28.341532034342247	23.309806933586806	0.0
98.0	26.60231791311433	26.041777179886523	27.799308700025037	19.55659620697411	0.0
99.0	26.07065878492184	28.100333628465528	27.109686790296816	18.719267746790372	5.304952544547013E-5
100.0	28.917600303503825	19.384874154686134	28.3749015071724	23.32251791441935	1.0612021828928902E-4
101.0	18.906183944136522	25.438478157881878	34.358343300355415	21.29683526690021	1.5933072597451982E-4
102.0	19.535732569371383	29.4076087505469	29.052279260059827	22.004113613999685	2.658060222075615E-4
103.0	21.080513969240773	31.272843359590773	26.61045852220742	21.035916779719294	2.67369241735483E-4
104.0	26.515099949029935	23.179106453474944	24.659703794777684	25.646036206433592	5.359628384806311E-5
105.0	17.934885537588922	27.390501677408558	29.60125801617802	25.073354768824508	0.0
106.0	26.30499952479573	24.409927849493947	29.18022699192475	20.10473824298993	1.073907956422963E-4
107.0	23.449291427225575	23.74299503129345	29.399638934175172	23.408074607305803	0.0
108.0	21.881830270760375	28.728838149498802	32.24544315404579	17.14388842569503	0.0
109.0	25.00101784181707	25.909855585888746	29.448470875881384	19.64060141151589	5.428489691026653E-5
110.0	25.127159867758092	27.31809663932303	24.115648553413674	23.439094939505203	0.0
111.0	23.812841307782772	36.46185378786803	17.459507151834668	22.265797752514526	0.0
112.0	16.710476167595093	27.994216490646025	38.42244298667587	16.87280975246449	5.46026185231739E-5
113.0	25.81716457311245	25.408849007497185	32.3012463937961	16.472685313606377	5.471198788895437E-5
114.0	21.770014584750992	35.45376546273985	20.96977088462925	21.806394279183472	5.478869643446121E-5
115.0	25.68600789226736	23.11205501484613	29.19291830172136	22.00901879116515	0.0
116.0	23.98936085249777	29.55635151487779	24.003846749127955	22.45044088349649	0.0
117.0	26.047314410070726	24.588341236725448	29.137196780669004	20.22714757253482	0.0
118.0	21.423435185584058	20.53696382869912	34.11558866315193	23.9240123225649	0.0
119.0	27.66212526777029	23.626318248360526	29.589681537813036	19.12181926208718	5.568396897511984E-5
120.0	27.850314118764675	23.20557975300676	26.188811815525803	22.7551262748472	1.680378555681024E-4
121.0	31.04457239814748	27.72893833458861	20.285495512086264	20.94093674045702	5.701472063071965E-5
122.0	26.23758349743565	21.510405747991538	26.874403589745356	25.3773780516444	2.2911318305799655E-4
123.0	22.96206746319127	24.341799653191533	27.30525204204404	25.390823136337275	5.770523588457799E-5
124.0	23.03900227100065	25.526698353335615	31.183390713833575	20.250850535373726	5.812645643102395E-5
125.0	24.23760140547594	24.168253806350787	26.462352108770798	25.13155819893206	2.3448047041471976E-4
126.0	24.947412954718477	27.274059648691836	28.548490744383347	19.229917979043506	1.1867316283560028E-4
127.0	27.16505562582863	19.584577703942966	26.749406492674655	26.500721401662236	2.3877589151456146E-4
128.0	19.783349770786074	33.840703374910184	26.080684982571096	20.295021762867286	2.4010886535955403E-4
129.0	24.12894878389157	28.595732011384893	24.993659401422992	22.281476017834542	1.837854660003014E-4
130.0	28.68162933915523	20.25748513847733	26.281159820667938	24.779475691855364	2.5000984413761293E-4
131.0	21.271603845093498	23.818755349740357	28.25542101789349	26.653717390526175	5.023967464786698E-4
132.0	17.450032301634792	32.99874464833085	22.397174202748634	27.1539200272068	1.2882007892806236E-4
133.0	27.169908107812528	24.85893286323974	19.725833708731187	28.24532532021654	0.0
134.0	27.721689830473935	26.35151792458598	23.790712519631878	22.13568527988861	3.9444541960117623E-4
135.0	25.55781958247324	25.7429614181439	25.94386425060118	22.75522174458939	1.3300419229214105E-4
136.0	25.364244609586756	24.454989676344585	26.88260877822726	23.297885617696455	2.713181449435794E-4
137.0	22.531693920876034	25.06651810554229	26.828980726814155	25.572738298225882	6.894854163492161E-5
138.0	27.43097406365787	27.954178942904335	22.43280154903799	22.18176643899826	2.7900540154457393E-4
139.0	25.11514103760272	25.89394787157963	23.405019873367845	25.58560827218768	2.82945262116954E-4
140.0	29.672565955398916	24.18930312164162	24.82246047741903	21.315091492649106	5.789528913269238E-4
141.0	25.031077427508887	24.32781843509289	26.292208712663484	24.348524350973438	3.710737613001237E-4
142.0	25.369751482312203	23.99487413742389	28.0121093182922	22.622885030641925	3.800313297828273E-4
143.0	22.63134198049495	37.586729360545924	17.12474698634803	22.65671186002717	4.6981258393006056E-4
144.0	28.63010683342417	20.104551040515155	27.347342241398216	23.91726887210448	7.3101255798351E-4
145.0	20.9349725362455	28.017832271828397	28.58951987509658	22.457338286554933	3.370302745869905E-4
146.0	25.199219280989592	26.796136757485524	24.189379930255082	23.814409104626776	8.549266430193958E-4
147.0	27.47232067525601	25.399515177028164	23.69558896715583	23.430880619032244	0.0016945615277453234
148.0	23.64155789694396	23.98123394663731	27.113906798762912	25.257640090160926	0.005661267494889133
149.0	8.705285062028558	32.30944337205985	23.24474455123239	35.727349475577384	0.013177539101813142
